\e[38;2;115;158;83m██\e[38;2;113;156;83m██\e[38;2;110;151;80m██\e[38;2;111;152;82m██\e[38;2;113;153;83m██\e[38;2;108;149;80m██\e[38;2;106;130;73m██\e[38;2;118;93;56m██\e[38;2;110;83;49m██\e[38;2;148;117;69m██\e[38;2;172;141;84m██\e[38;2;151;140;84m██\e[38;2;116;151;81m██\e[38;2;120;112;72m██\e[38;2;128;109;77m██\e[38;2;130;154;93m████\e[38;2;121;154;86m██\e[38;2;113;149;81m██\e[38;2;111;147;79m████
\e[38;2;116;157;86m██\e[38;2;114;156;85m██\e[38;2;109;150;79m████\e[38;2;111;152;82m████\e[38;2;112;121;68m██\e[38;2;76;61;36m██\e[38;2;79;65;43m██\e[38;2;108;84;52m██\e[38;2;149;120;73m██\e[38;2;128;111;69m██\e[38;2;110;142;74m██\e[38;2;115;101;65m██\e[38;2;132;122;84m██\e[38;2;135;160;95m██\e[38;2;138;164;98m████\e[38;2;128;157;91m██\e[38;2;118;149;81m██\e[38;2;116;139;75m██
\e[38;2;116;157;85m████\e[38;2;109;151;79m██\e[38;2;107;149;78m██████\e[38;2;101;124;63m██\e[38;2;91;74;47m████\e[38;2;93;75;48m██\e[38;2;146;117;71m██\e[38;2;124;111;65m██\e[38;2;115;138;78m██\e[38;2;123;102;65m██\e[38;2;143;125;79m██\e[38;2;139;143;82m██\e[38;2;155;151;91m██\e[38;2;151;139;91m██\e[38;2;173;147;98m██\e[38;2;179;147;97m██\e[38;2;161;130;82m██
\e[38;2;115;157;83m████\e[38;2;111;154;81m██\e[38;2;108;149;78m██\e[38;2;106;147;77m████\e[38;2;102;140;75m██\e[38;2;91;78;47m████\e[38;2;110;87;55m██\e[38;2;161;131;80m██\e[38;2;129;150;86m██\e[38;2;114;119;65m██\e[38;2;169;133;83m████\e[38;2;139;109;67m██\e[38;2;121;98;63m██\e[38;2;94;77;52m██\e[38;2;140;116;80m██\e[38;2;142;151;93m██\e[38;2;132;149;89m██
\e[38;2;114;156;81m██████\e[38;2;107;149;78m██\e[38;2;105;147;77m██\e[38;2;104;145;76m██\e[38;2;106;146;77m██\e[38;2;93;100;56m██\e[38;2;81;70;45m██\e[38;2;145;116;75m██\e[38;2;169;137;86m██\e[38;2;142;144;85m██\e[38;2;131;121;67m██\e[38;2;179;143;90m██\e[38;2;157;127;79m██\e[38;2;120;126;72m██\e[38;2;91;77;52m██\e[38;2;81;67;45m██\e[38;2;111;110;69m██\e[38;2;132;158;92m██\e[38;2;134;160;94m██
\e[38;2;115;157;83m████\e[38;2;112;155;81m██\e[38;2;107;149;77m██\e[38;2;100;141;72m████\e[38;2;108;145;78m██\e[38;2;102;131;69m██\e[38;2;91;81;53m██\e[38;2;124;104;61m██\e[38;2;160;132;81m██\e[38;2;157;131;80m██\e[38;2;136;112;64m██\e[38;2;153;123;74m████\e[38;2;110;106;65m██\e[38;2;94;76;53m██\e[38;2;91;86;57m██\e[38;2;116;146;80m██\e[38;2;124;154;87m██\e[38;2;131;159;93m██
\e[38;2;115;157;83m██\e[38;2;113;155;81m██\e[38;2;109;152;78m██\e[38;2;102;145;74m██\e[38;2;94;135;67m██\e[38;2;98;138;70m██\e[38;2;111;149;79m██\e[38;2;103;141;70m██\e[38;2;108;114;60m██\e[38;2;115;102;61m██\e[38;2;134;115;69m██\e[38;2;145;124;75m██\e[38;2;132;111;63m██\e[38;2;136;118;71m██\e[38;2;109;112;67m██\e[38;2;102;85;59m██\e[38;2;91;81;56m██\e[38;2;113;141;77m██\e[38;2;115;148;81m████\e[38;2;126;157;90m██
\e[38;2;115;155;84m██\e[38;2;113;154;82m██\e[38;2;107;148;75m██\e[38;2;97;138;69m██\e[38;2;93;133;65m██\e[38;2;106;145;74m██\e[38;2;112;152;80m██\e[38;2;101;142;71m██\e[38;2;105;127;68m██\e[38;2;102;91;55m██\e[38;2;119;103;63m██\e[38;2;132;114;71m██\e[38;2;130;112;67m██\e[38;2;131;115;68m██\e[38;2;95;83;55m██\e[38;2;98;86;60m██\e[38;2;114;133;78m██\e[38;2;116;149;81m██\e[38;2;115;147;80m████\e[38;2;118;152;84m██
\e[38;2;125;160;92m██\e[38;2;123;159;91m██\e[38;2;112;150;80m██\e[38;2;97;137;70m████\e[38;2;108;150;78m██\e[38;2;110;151;79m██\e[38;2;103;142;73m██\e[38;2;102;134;70m██\e[38;2;93;85;46m██\e[38;2;102;89;53m██\e[38;2;124;107;68m██\e[38;2;128;114;70m██\e[38;2;122;109;67m██\e[38;2;100;92;59m██\e[38;2;93;84;55m██\e[38;2;123;149;84m██\e[38;2;112;146;77m██\e[38;2;114;149;81m██\e[38;2;113;148;79m████
\e[38;2;122;158;89m██\e[38;2;119;154;86m██\e[38;2;109;145;78m██\e[38;2;100;137;72m██\e[38;2;102;140;74m██\e[38;2;111;149;81m██\e[38;2;108;145;77m██\e[38;2;101;140;75m██\e[38;2;95;129;65m██\e[38;2;89;90;48m██\e[38;2;84;71;38m██\e[38;2;112;96;60m██\e[38;2;123;109;66m██\e[38;2;120;106;64m██\e[38;2;107;98;66m██\e[38;2;82;72;46m██\e[38;2;119;132;81m██\e[38;2;119;150;84m██\e[38;2;114;147;79m██\e[38;2;110;146;76m████
\e[38;2;113;150;80m██\e[38;2;108;144;76m██\e[38;2;105;140;74m██████\e[38;2;115;149;83m██\e[38;2;113;148;81m██\e[38;2;100;136;72m██\e[38;2;95;126;66m██\e[38;2;85;88;49m██\e[38;2;88;77;41m██\e[38;2;105;90;55m██\e[38;2;120;107;63m██████\e[38;2;81;72;49m██\e[38;2;96;96;61m██\e[38;2;125;154;89m██\e[38;2;121;152;86m██\e[38;2;112;148;78m████
\e[38;2;114;149;80m████\e[38;2;108;141;77m██\e[38;2;98;132;68m██\e[38;2;96;130;65m██\e[38;2;100;137;72m██\e[38;2;98;134;70m██\e[38;2;101;137;72m██\e[38;2;99;133;72m██\e[38;2;103;137;74m██\e[38;2;103;117;64m██\e[38;2;101;87;48m██\e[38;2;115;101;58m██\e[38;2;124;111;67m██\e[38;2;132;122;77m██\e[38;2;136;125;79m██\e[38;2;128;117;77m██\e[38;2;129;145;86m██\e[38;2;133;159;94m██\e[38;2;113;147;78m██\e[38;2;114;148;80m██
██\e[38;2;104;136;72m██\e[38;2;99;131;68m██\e[38;2;101;134;68m████\e[38;2;100;137;71m████\e[38;2;104;141;74m████\e[38;2;99;135;72m████\e[38;2;100;90;49m██\e[38;2;118;103;61m██\e[38;2;125;112;67m██\e[38;2;134;123;78m████\e[38;2;138;126;80m██\e[38;2;132;125;78m██\e[38;2;133;156;91m██\e[38;2;117;149;82m██\e[38;2;113;145;78m██
\e[38;2;101;132;68m██\e[38;2;99;129;68m██\e[38;2;103;134;70m██\e[38;2;108;139;72m██\e[38;2;104;137;70m██\e[38;2;100;136;69m████\e[38;2;101;138;72m████\e[38;2;97;133;71m██\e[38;2;102;134;77m██\e[38;2;82;82;46m██\e[38;2;108;95;60m██\e[38;2;122;109;66m██\e[38;2;130;119;74m██\e[38;2;132;120;75m██\e[38;2;136;123;78m██\e[38;2;135;126;81m██\e[38;2;139;140;90m██\e[38;2;121;151;85m██\e[38;2;112;144;78m██
\e[38;2;99;129;65m██\e[38;2;100;130;67m██\e[38;2;106;137;71m██\e[38;2;108;140;73m██\e[38;2;102;137;69m██\e[38;2;97;133;68m████\e[38;2;98;135;70m████\e[38;2;96;132;70m██\e[38;2;104;137;78m████\e[38;2;110;113;65m██\e[38;2;116;104;61m██\e[38;2;125;114;69m████\e[38;2;123;110;65m██\e[38;2;126;114;69m██\e[38;2;128;120;76m██\e[38;2;128;129;80m██\e[38;2;104;129;70m██
\e[38;2;96;126;64m██\e[38;2;99;129;65m██\e[38;2;105;136;70m████\e[38;2;97;133;66m██\e[38;2;94;131;67m██\e[38;2;96;133;68m████████\e[38;2;105;139;78m████\e[38;2;111;146;77m██\e[38;2;104;129;69m██\e[38;2;102;112;63m██\e[38;2;110;114;62m██\e[38;2;109;96;51m██\e[38;2;121;107;62m██\e[38;2;136;123;80m██\e[38;2;132;122;79m██\e[38;2;68;64;35m██
\e[38;2;94;124;65m██\e[38;2;97;127;65m██\e[38;2;102;132;69m██\e[38;2;99;131;67m██\e[38;2;94;130;65m██████\e[38;2;99;135;70m██\e[38;2;102;138;74m██\e[38;2;95;131;68m██\e[38;2;102;138;76m████\e[38;2;107;142;75m██████\e[38;2;106;132;71m██\e[38;2;101;94;49m██\e[38;2;119;103;58m██\e[38;2;134;119;73m████\e[38;2;70;64;36m██
\e[38;2;91;122;61m██\e[38;2;93;123;62m██\e[38;2;96;127;63m██████\e[38;2;92;127;63m████\e[38;2;100;135;71m██\e[38;2;111;143;80m██\e[38;2;97;132;71m██\e[38;2;98;134;72m██\e[38;2;101;133;75m██\e[38;2;106;141;75m██\e[38;2;104;139;73m██\e[38;2;106;122;61m████\e[38;2;124;115;58m██\e[38;2;130;111;62m██\e[38;2;134;116;68m████\e[38;2;97;108;61m██
████████\e[38;2;88;123;60m██\e[38;2;89;124;62m██\e[38;2;91;126;64m██\e[38;2;96;131;67m██\e[38;2;104;136;73m██\e[38;2;99;130;69m██\e[38;2;95;129;69m██\e[38;2;98;130;70m██\e[38;2;102;136;70m████\e[38;2;133;119;62m██\e[38;2;146;123;69m████\e[38;2;127;106;60m██\e[38;2;125;108;67m██\e[38;2;118;116;71m██\e[38;2;111;140;79m██
\e[38;2;87;115;58m████\e[38;2;85;114;54m████\e[38;2;85;117;57m██\e[38;2;89;118;58m██\e[38;2;104;122;64m██\e[38;2;133;128;69m██\e[38;2;140;128;70m██████\e[38;2;127;128;73m████\e[38;2;154;127;72m██\e[38;2;156;125;68m██\e[38;2;167;133;79m██\e[38;2;157;125;75m██\e[38;2;144;120;76m██\e[38;2;125;121;75m██\e[38;2;116;140;81m██\e[38;2;110;139;79m██
\e[38;2;85;114;55m██\e[38;2;84;113;53m████\e[38;2;82;111;53m████\e[38;2;97;112;56m██\e[38;2;154;129;72m██\e[38;2;151;122;69m██\e[38;2;173;140;86m██\e[38;2;181;145;89m██\e[38;2;170;134;80m██\e[38;2;183;145;91m██\e[38;2;175;138;85m██\e[38;2;173;136;82m██████\e[38;2;147;120;69m██\e[38;2;132;117;68m████\e[38;2;110;136;78m██\e[38;2;100;128;69m██
\e[38;2;83;111;53m████████\e[38;2;84;112;56m██\e[38;2;126;114;61m██\e[38;2;148;121;64m████\e[38;2;126;94;59m██\e[38;2;104;79;51m██\e[38;2;124;96;54m██\e[38;2;176;139;85m██\e[38;2;170;133;80m██\e[38;2;178;143;88m██\e[38;2;165;136;83m██\e[38;2;134;118;70m██\e[38;2;108;111;59m████\e[38;2;97;125;64m██\e[38;2;107;132;74m██\e[38;2;94;122;63m██
\e[38;2;82;110;54m██\e[38;2;84;111;56m██\e[38;2;83;110;53m██\e[38;2;84;111;56m██\e[38;2;89;117;59m██\e[38;2;109;115;59m██\e[38;2;138;121;61m██\e[38;2;165;132;67m████\e[38;2;115;86;51m██\e[38;2;137;106;64m██\e[38;2;188;149;90m██\e[38;2;175;141;85m██\e[38;2;151;129;76m██\e[38;2;98;113;58m██\e[38;2;78;107;53m██\e[38;2;75;104;53m████\e[38;2;81;110;55m██\e[38;2;96;121;68m██\e[38;2;90;117;62m██
\e[38;2;86;110;56m████\e[38;2;83;110;54m████\e[38;2;89;116;59m██\e[38;2;104;113;55m██\e[38;2;107;99;44m██\e[38;2;157;121;60m██\e[38;2;178;131;69m██\e[38;2;181;135;76m██\e[38;2;173;132;80m██\e[38;2;205;165;103m██\e[38;2;186;152;94m██\e[38;2;82;106;50m██\e[38;2;72;103;49m██\e[38;2;70;100;49m██████████\e[38;2;94;120;70m██
[0m