\e[38;2;170;105;139m████████████████████████████████████████████████████████████████████████████████
██████████████████████████████████████████████████████████████████\e[38;2;201;160;181m██\e[38;2;240;229;235m██\e[38;2;242;233;238m██\e[38;2;209;174;192m██\e[38;2;170;106;140m██████
██████████████████\e[38;2;165;102;136m██\e[38;2;163;100;134m██\e[38;2;170;105;139m██████████████████████████████████████████\e[38;2;194;148;172m██\e[38;2;255;254;254m████████\e[38;2;206;168;188m██\e[38;2;170;105;139m████
██████████████\e[38;2;157;96;129m██\e[38;2;150;92;124m██\e[38;2;83;52;79m██\e[38;2;107;63;92m██\e[38;2;159;98;132m██\e[38;2;170;105;139m████████████████████████████████████████\e[38;2;223;198;211m██\e[38;2;255;255;255m████████\e[38;2;234;217;226m██\e[38;2;170;105;139m████
██████████\e[38;2;154;95;127m██\e[38;2;146;90;122m██\e[38;2;60;38;63m██\e[38;2;64;39;64m██\e[38;2;46;32;55m██\e[38;2;74;43;69m██\e[38;2;84;50;77m██\e[38;2;168;104;138m████████████\e[38;2;170;105;139m████████████████\e[38;2;166;101;135m██\e[38;2;178;108;137m██\e[38;2;170;105;139m████████\e[38;2;216;186;202m██\e[38;2;255;255;255m████████\e[38;2;227;207;218m██\e[38;2;170;105;139m████
\e[38;2;162;102;137m██████\e[38;2;160;101;136m██\e[38;2;129;79;110m██\e[38;2;79;45;72m██\e[38;2;71;42;68m██\e[38;2;51;34;58m██\e[38;2;46;32;55m██\e[38;2;62;38;63m██\e[38;2;76;44;71m██\e[38;2;78;45;72m██\e[38;2;76;49;75m██\e[38;2;88;53;81m██\e[38;2;131;80;112m██\e[38;2;162;102;137m██████████████████████\e[38;2;140;82;113m██\e[38;2;191;110;127m████\e[38;2;163;102;137m██████\e[38;2;174;121;152m██\e[38;2;245;240;244m██\e[38;2;255;255;255m████\e[38;2;251;248;250m██\e[38;2;182;134;162m██\e[38;2;162;102;137m████
\e[38;2;151;86;111m██\e[38;2;179;105;126m██\e[38;2;156;100;134m██\e[38;2;124;79;111m██\e[38;2;72;42;68m██\e[38;2;61;38;63m██\e[38;2;47;32;55m██\e[38;2;51;34;58m██\e[38;2;47;32;55m██\e[38;2;57;36;61m██\e[38;2;76;44;70m██\e[38;2;63;39;64m██\e[38;2;58;37;61m██\e[38;2;70;41;67m██\e[38;2;80;46;73m██\e[38;2;138;88;122m██\e[38;2;153;99;135m████████████████\e[38;2;151;86;110m██\e[38;2;177;102;122m██\e[38;2;105;56;87m██\e[38;2;201;114;127m██\e[38;2;206;117;129m██\e[38;2;169;100;124m██\e[38;2;152;98;134m██████\e[38;2;162;113;145m██\e[38;2;199;170;190m██\e[38;2;200;173;192m██\e[38;2;166;121;151m██\e[38;2;153;99;135m██████
\e[38;2;110;59;89m██\e[38;2;165;92;112m██\e[38;2;132;76;96m██\e[38;2;55;35;59m████\e[38;2;48;33;56m██\e[38;2;53;35;59m██\e[38;2;49;33;57m██\e[38;2;63;39;64m██\e[38;2;53;35;59m██\e[38;2;76;44;70m██\e[38;2;71;42;68m██\e[38;2;53;35;58m██\e[38;2;55;35;60m██\e[38;2;74;43;69m██\e[38;2;99;60;90m██\e[38;2;121;78;111m██\e[38;2;143;95;132m████████████\e[38;2;128;80;115m██\e[38;2;135;74;99m████\e[38;2;129;70;97m██\e[38;2;172;96;115m██\e[38;2;208;118;130m██\e[38;2;211;120;131m██\e[38;2;187;111;132m██\e[38;2;144;95;132m██████████████████
\e[38;2;85;48;75m██\e[38;2;78;46;71m██\e[38;2;58;37;61m██\e[38;2;48;33;56m██\e[38;2;52;35;58m██\e[38;2;48;33;56m██████\e[38;2;54;35;59m██\e[38;2;74;43;69m██\e[38;2;78;45;72m████\e[38;2;54;35;59m██\e[38;2;50;33;57m██\e[38;2;63;39;64m██\e[38;2;66;40;65m██\e[38;2;60;37;62m██\e[38;2;124;82;117m██\e[38;2;137;93;131m████\e[38;2;136;91;129m██\e[38;2;161;93;116m██\e[38;2;152;92;120m██\e[38;2;103;56;88m██\e[38;2;112;60;90m██\e[38;2;102;54;86m██\e[38;2;148;82;105m██\e[38;2;211;120;131m████\e[38;2;182;103;119m██\e[38;2;209;119;130m██\e[38;2;189;112;131m██\e[38;2;153;99;131m██\e[38;2;137;93;131m██\e[38;2;150;94;124m██\e[38;2;156;100;131m██\e[38;2;143;95;130m██\e[38;2;137;93;131m██████
\e[38;2;62;38;63m██\e[38;2;50;33;57m██\e[38;2;47;32;55m██\e[38;2;56;36;60m██\e[38;2;52;34;58m██\e[38;2;46;32;55m██\e[38;2;53;35;59m██\e[38;2;46;32;55m██\e[38;2;66;40;65m██\e[38;2;79;45;72m████\e[38;2;66;40;65m██\e[38;2;48;33;56m██\e[38;2;51;34;57m██\e[38;2;65;39;65m██\e[38;2;55;35;60m██\e[38;2;60;38;62m██\e[38;2;112;66;89m██\e[38;2;152;96;126m██\e[38;2;135;91;129m██\e[38;2;161;95;119m██\e[38;2;133;73;99m██\e[38;2;196;111;125m██\e[38;2;137;75;100m██\e[38;2;100;53;85m██\e[38;2;125;68;95m██\e[38;2;112;60;90m██\e[38;2;211;120;131m██\e[38;2;206;117;129m██\e[38;2;131;72;98m██\e[38;2;135;74;99m██\e[38;2;191;108;123m██\e[38;2;210;120;131m██\e[38;2;180;105;125m██\e[38;2;122;66;94m██\e[38;2;196;111;125m██\e[38;2;168;94;114m██\e[38;2;176;105;128m██\e[38;2;162;102;130m██\e[38;2;144;93;126m██
\e[38;2;50;34;57m██████\e[38;2;46;32;55m██\e[38;2;50;34;57m██████\e[38;2;60;37;62m██\e[38;2;76;44;70m██\e[38;2;79;45;72m██\e[38;2;76;44;71m██\e[38;2;73;43;69m██\e[38;2;57;36;61m██\e[38;2;50;34;57m██\e[38;2;60;38;62m██\e[38;2;49;33;57m████\e[38;2;74;43;69m██\e[38;2;114;65;88m██\e[38;2;152;84;106m██\e[38;2;170;95;114m██\e[38;2;151;84;106m██\e[38;2;132;72;98m██\e[38;2;180;101;118m██\e[38;2;135;74;99m██\e[38;2;104;56;87m██\e[38;2;163;91;111m██\e[38;2;205;117;129m██\e[38;2;130;71;97m██\e[38;2;116;63;92m██\e[38;2;113;61;90m██\e[38;2;120;65;93m██\e[38;2;191;108;123m██\e[38;2;211;120;131m██\e[38;2;174;98;116m██\e[38;2;122;66;94m██\e[38;2;139;77;101m██\e[38;2;128;70;97m██\e[38;2;144;80;103m██\e[38;2;95;57;78m██
\e[38;2;47;33;56m████\e[38;2;50;34;57m████\e[38;2;46;32;55m██\e[38;2;50;34;57m██\e[38;2;61;38;63m██\e[38;2;77;44;71m██\e[38;2;79;45;72m██████\e[38;2;70;41;67m████\e[38;2;66;40;65m██\e[38;2;48;33;56m██\e[38;2;46;32;55m██\e[38;2;59;37;62m██\e[38;2;74;43;69m██\e[38;2;68;41;67m██\e[38;2;119;66;91m██\e[38;2;133;73;98m██\e[38;2;100;53;85m██\e[38;2;119;64;93m██\e[38;2;182;102;119m██\e[38;2;175;98;116m██\e[38;2;155;86;108m██\e[38;2;116;63;92m██\e[38;2;145;80;104m██\e[38;2;110;59;89m██\e[38;2;101;54;86m██\e[38;2;139;77;101m██\e[38;2;125;68;95m██\e[38;2;154;86;107m██\e[38;2;172;96;115m██\e[38;2;184;104;120m██\e[38;2;157;88;109m██\e[38;2;122;66;94m██\e[38;2;101;54;85m██\e[38;2;81;47;74m██\e[38;2;46;32;55m██
\e[38;2;44;28;44m██\e[38;2;45;31;52m██\e[38;2;50;33;57m██\e[38;2;46;31;52m██\e[38;2;49;33;56m██\e[38;2;70;41;67m██\e[38;2;79;45;71m████\e[38;2;76;43;67m██\e[38;2;79;45;71m██\e[38;2;76;44;70m██\e[38;2;61;38;63m██\e[38;2;79;45;71m████\e[38;2;56;34;53m██\e[38;2;55;35;60m████\e[38;2;47;32;55m██\e[38;2;50;34;57m████\e[38;2;71;42;69m██\e[38;2;104;55;86m██\e[38;2;110;59;89m██\e[38;2;96;52;82m██\e[38;2;115;62;91m██\e[38;2;108;58;88m██\e[38;2;117;63;92m██\e[38;2;106;56;87m██\e[38;2;104;55;86m██\e[38;2;110;59;89m██\e[38;2;100;53;85m████\e[38;2;103;55;86m████\e[38;2;108;58;88m██\e[38;2;119;64;93m██\e[38;2;115;62;91m██\e[38;2;86;49;76m██\e[38;2;47;32;55m████
\e[38;2;32;15;16m██\e[38;2;50;30;47m██\e[38;2;46;28;45m██\e[38;2;43;25;36m██\e[38;2;71;41;67m██\e[38;2;81;45;72m██\e[38;2;65;35;50m██\e[38;2;75;41;66m██\e[38;2;58;31;45m██\e[38;2;67;36;52m██\e[38;2;75;42;68m██\e[38;2;50;33;56m██\e[38;2;66;36;54m██\e[38;2;74;41;63m██\e[38;2;47;23;29m██\e[38;2;66;36;55m████\e[38;2;48;32;55m██\e[38;2;53;34;58m██\e[38;2;50;33;56m████\e[38;2;76;43;70m██\e[38;2;79;44;71m██\e[38;2;81;45;72m████\e[38;2;95;50;81m██\e[38;2;101;52;84m██████\e[38;2;94;50;80m██\e[38;2;102;53;85m████\e[38;2;107;56;87m██\e[38;2;135;73;99m██\e[38;2;140;76;101m██\e[38;2;112;59;89m██\e[38;2;90;48;78m██\e[38;2;78;44;71m██\e[38;2;48;32;56m████
\e[38;2;28;11;8m██\e[38;2;46;26;37m██\e[38;2;29;13;12m██\e[38;2;41;19;21m██\e[38;2;67;35;52m██\e[38;2;63;33;47m██\e[38;2;37;17;17m██\e[38;2;46;22;31m██\e[38;2;33;14;13m██\e[38;2;49;24;29m██\e[38;2;57;30;45m██\e[38;2;41;22;32m██\e[38;2;39;21;27m██\e[38;2;37;17;18m████\e[38;2;44;21;25m██\e[38;2;76;40;62m██\e[38;2;67;39;64m██\e[38;2;51;33;56m██\e[38;2;50;32;54m██\e[38;2;57;35;59m██\e[38;2;70;40;66m██\e[38;2;71;38;59m██\e[38;2;81;44;71m██\e[38;2;58;35;59m██\e[38;2;74;40;64m██\e[38;2;70;38;58m██\e[38;2;69;39;62m████\e[38;2;63;37;62m██\e[38;2;88;47;74m██\e[38;2;83;45;73m██\e[38;2;71;40;66m██\e[38;2;94;49;78m██\e[38;2;93;47;76m████\e[38;2;74;41;67m██\e[38;2;65;38;63m██\e[38;2;50;32;55m████
\e[38;2;26;10;7m██\e[38;2;33;14;14m██\e[38;2;27;11;7m██\e[38;2;29;12;8m██\e[38;2;40;18;20m████\e[38;2;30;12;9m██\e[38;2;26;10;8m██\e[38;2;29;12;8m████\e[38;2;41;19;23m██\e[38;2;30;12;10m██\e[38;2;33;15;13m██\e[38;2;29;12;9m████\e[38;2;32;13;11m██\e[38;2;47;22;28m██\e[38;2;81;42;65m████\e[38;2;47;27;42m██\e[38;2;53;31;50m████\e[38;2;37;19;24m██\e[38;2;54;32;50m██\e[38;2;76;41;67m██\e[38;2;46;24;34m██\e[38;2;43;20;23m██\e[38;2;62;31;46m██\e[38;2;39;20;26m██\e[38;2;67;36;58m██\e[38;2;73;40;65m██\e[38;2;52;30;49m██\e[38;2;72;37;54m██\e[38;2;83;43;68m██\e[38;2;46;23;31m██\e[38;2;67;37;59m██\e[38;2;76;41;67m██\e[38;2;50;30;47m██\e[38;2;50;31;52m██\e[38;2;49;30;49m██
\e[38;2;26;10;7m██████\e[38;2;30;12;8m████████\e[38;2;25;9;6m██\e[38;2;28;11;8m████\e[38;2;26;10;7m██\e[38;2;29;12;8m████\e[38;2;27;11;7m██████\e[38;2;32;14;11m██\e[38;2;61;29;40m██\e[38;2;69;33;48m██\e[38;2;50;23;32m██\e[38;2;43;23;31m██\e[38;2;35;17;21m██\e[38;2;34;15;14m██\e[38;2;47;22;28m██\e[38;2;77;38;56m██\e[38;2;37;16;18m██\e[38;2;31;13;9m██\e[38;2;37;16;19m██\e[38;2;27;11;7m██\e[38;2;44;20;24m██\e[38;2;46;25;38m██\e[38;2;38;18;22m██\e[38;2;49;24;33m██\e[38;2;38;19;24m██\e[38;2;25;10;7m██\e[38;2;42;22;29m██\e[38;2;74;38;58m██\e[38;2;39;20;25m██\e[38;2;47;26;37m██\e[38;2;33;16;20m██
\e[38;2;22;8;5m████\e[38;2;25;10;6m████\e[38;2;29;12;8m██\e[38;2;26;10;7m████████████████████\e[38;2;28;11;8m████\e[38;2;35;15;14m████\e[38;2;29;11;10m██\e[38;2;33;14;13m██\e[38;2;27;10;8m██\e[38;2;25;9;6m██\e[38;2;29;12;9m██\e[38;2;49;22;29m██\e[38;2;22;8;4m██\e[38;2;26;10;7m██████\e[38;2;30;13;10m████\e[38;2;25;9;6m██\e[38;2;33;14;15m██\e[38;2;24;9;6m████\e[38;2;28;11;8m██\e[38;2;42;20;26m██\e[38;2;31;13;11m████\e[38;2;22;8;5m██
██████████\e[38;2;24;9;6m████████\e[38;2;22;8;5m██\e[38;2;24;9;6m████\e[38;2;22;7;4m████\e[38;2;24;9;5m██████\e[38;2;26;10;6m████\e[38;2;23;8;5m████████\e[38;2;25;9;6m████\e[38;2;21;7;4m██\e[38;2;23;8;5m██████\e[38;2;26;10;6m██\e[38;2;23;8;5m████████████\e[38;2;25;9;6m██\e[38;2;27;11;7m██\e[38;2;24;9;6m██\e[38;2;21;7;4m██
██████████████████████████████████\e[38;2;23;8;5m██████████\e[38;2;21;7;4m████████████████████████████\e[38;2;23;8;5m██████\e[38;2;21;7;4m██
██\e[38;2;23;8;5m██████\e[38;2;27;10;7m██\e[38;2;25;9;6m████\e[38;2;22;8;5m██\e[38;2;26;10;7m██████\e[38;2;24;9;5m████████\e[38;2;26;10;7m████\e[38;2;36;16;18m██\e[38;2;37;17;20m██\e[38;2;28;12;12m██\e[38;2;32;15;19m██\e[38;2;27;11;11m████\e[38;2;35;15;17m██\e[38;2;42;19;24m██\e[38;2;27;10;9m████████\e[38;2;36;16;19m██\e[38;2;30;13;15m██\e[38;2;26;11;11m██\e[38;2;36;16;20m██\e[38;2;32;14;15m██\e[38;2;26;10;9m██\e[38;2;32;14;15m██\e[38;2;40;19;24m██\e[38;2;28;12;12m██\e[38;2;29;13;16m██\e[38;2;26;11;11m██
\e[38;2;48;28;43m██\e[38;2;49;32;53m██\e[38;2;46;29;46m██\e[38;2;49;31;50m██\e[38;2;56;35;58m████████\e[38;2;65;36;54m██\e[38;2;72;40;61m██\e[38;2;74;42;67m██\e[38;2;58;35;56m██\e[38;2;60;36;57m██\e[38;2;57;34;54m██\e[38;2;55;32;50m████\e[38;2;60;37;61m██\e[38;2;76;47;72m██\e[38;2;88;55;81m██\e[38;2;96;58;85m██\e[38;2;116;67;91m██\e[38;2;103;56;85m██\e[38;2;125;70;92m██\e[38;2;116;64;89m██\e[38;2;104;57;85m██\e[38;2;113;61;88m██\e[38;2;120;65;90m██\e[38;2;138;77;98m██\e[38;2;126;69;94m██\e[38;2;106;58;86m██\e[38;2;127;69;95m██\e[38;2;120;66;93m██\e[38;2;148;83;105m██\e[38;2;137;77;103m██\e[38;2;129;71;96m██\e[38;2;122;67;94m██\e[38;2;126;71;96m██\e[38;2;105;62;90m██\e[38;2;93;58;83m██\e[38;2;74;46;67m██
\e[38;2;146;84;111m██\e[38;2;155;92;118m██\e[38;2;139;85;114m██\e[38;2;102;65;94m██\e[38;2;80;49;76m██\e[38;2;61;38;63m██\e[38;2;57;36;60m██\e[38;2;47;33;56m██\e[38;2;54;35;59m██\e[38;2;63;39;64m██\e[38;2;76;44;70m██\e[38;2;72;42;68m██\e[38;2;49;33;56m██\e[38;2;63;39;64m██\e[38;2;99;59;87m██\e[38;2;135;84;117m██\e[38;2;142;90;124m██\e[38;2;153;98;134m████████\e[38;2;160;101;134m██\e[38;2;153;98;133m██\e[38;2;143;87;122m██\e[38;2;161;92;117m██\e[38;2;149;85;112m██\e[38;2;124;68;96m██\e[38;2;197;112;125m██\e[38;2;201;116;133m██\e[38;2;187;111;132m██\e[38;2;171;105;135m██\e[38;2;155;100;135m██\e[38;2;159;108;142m██\e[38;2;178;141;167m██\e[38;2;206;182;199m██\e[38;2;204;181;198m██\e[38;2;175;137;164m██\e[38;2;156;102;137m██\e[38;2;154;99;135m██\e[38;2;135;86;116m██
[0m