\e[38;2;36;36;0m@\e[38;2;36;36;85m@\e[38;2;0;0;0m@\e[38;2;36;36;85m@\e[38;2;36;36;0m@\e[38;2;36;0;0m@\e[38;2;0;0;0m@\e[38;2;0;0;0m@\e[38;2;36;36;0m@\e[38;2;0;0;0m@\e[38;2;0;0;0m@\e[38;2;0;0;0m@\e[38;2;0;0;0m@\e[38;2;0;0;0m@\e[38;2;0;0;0m@\e[38;2;0;0;0m@\e[38;2;0;0;0m@\e[38;2;0;0;0m@\e[38;2;0;0;0m@\e[38;2;0;0;0m@\e[38;2;0;0;0m@\e[38;2;0;0;0m@\e[38;2;0;36;0m@\e[38;2;0;0;0m@\e[38;2;0;0;0m@\e[38;2;0;0;0m@\e[38;2;0;0;0m@\e[38;2;0;0;0m@\e[38;2;0;0;0m@\e[38;2;0;0;0m@
\e[38;2;36;36;85m@\e[38;2;36;72;85m@\e[38;2;36;36;85m@\e[38;2;36;72;85m@\e[38;2;0;0;0m@\e[38;2;36;0;0m@\e[38;2;0;0;0m@\e[38;2;36;36;85m@\e[38;2;0;0;0m@\e[38;2;0;0;0m@\e[38;2;0;0;0m@\e[38;2;36;36;0m@\e[38;2;0;0;0m@\e[38;2;0;0;0m@\e[38;2;0;0;0m@\e[38;2;36;36;0m@\e[38;2;0;0;0m@\e[38;2;0;0;0m@\e[38;2;0;0;0m@\e[38;2;36;36;0m@\e[38;2;0;0;0m@\e[38;2;0;0;0m@\e[38;2;0;0;0m@\e[38;2;36;36;0m@\e[38;2;0;0;0m@\e[38;2;0;0;0m@\e[38;2;0;0;0m@\e[38;2;36;36;0m@\e[38;2;0;0;0m@\e[38;2;0;0;0m@
\e[38;2;72;72;85m@\e[38;2;36;36;85m@\e[38;2;36;36;85m@\e[38;2;36;36;85m@\e[38;2;36;36;85m@\e[38;2;0;0;85m@\e[38;2;36;36;0m@\e[38;2;0;0;0m@\e[38;2;0;0;0m@\e[38;2;0;0;0m@\e[38;2;0;0;0m@\e[38;2;0;0;0m@\e[38;2;0;0;0m@\e[38;2;0;0;0m@\e[38;2;0;0;0m@\e[38;2;0;0;0m@\e[38;2;0;0;0m@\e[38;2;0;0;0m@\e[38;2;0;0;0m@\e[38;2;0;0;0m@\e[38;2;0;0;0m@\e[38;2;0;0;0m@\e[38;2;0;0;0m@\e[38;2;0;0;0m@\e[38;2;0;0;0m@\e[38;2;0;0;0m@\e[38;2;0;0;0m@\e[38;2;0;0;0m@\e[38;2;0;0;0m@\e[38;2;0;0;0m@
\e[38;2;36;72;85m@\e[38;2;72;72;85m@\e[38;2;36;36;85m@\e[38;2;72;72;85m@\e[38;2;72;72;85m@\e[38;2;72;72;85m@\e[38;2;0;0;85m@\e[38;2;36;36;0m@\e[38;2;0;0;0m@\e[38;2;36;36;0m@\e[38;2;0;0;0m@\e[38;2;36;36;0m@\e[38;2;0;0;0m@\e[38;2;0;0;0m@\e[38;2;0;0;0m@\e[38;2;0;0;0m@\e[38;2;0;0;0m@\e[38;2;36;36;0m@\e[38;2;0;0;0m@\e[38;2;36;36;0m@\e[38;2;0;0;0m@\e[38;2;36;36;85m@\e[38;2;0;0;0m@\e[38;2;36;36;85m@\e[38;2;0;0;0m@\e[38;2;36;36;0m@\e[38;2;0;0;0m@\e[38;2;36;36;0m@\e[38;2;0;0;0m@\e[38;2;36;0;0m@
\e[38;2;72;72;85m@\e[38;2;72;72;85m@\e[38;2;72;72;85m@\e[38;2;72;72;170m@\e[38;2;72;72;85m@\e[38;2;36;72;170m@\e[38;2;36;36;85m@\e[38;2;0;0;85m@\e[38;2;36;36;0m@\e[38;2;0;0;0m@\e[38;2;36;36;0m@\e[38;2;0;0;85m@\e[38;2;36;36;0m@\e[38;2;0;0;0m@\e[38;2;0;0;0m@\e[38;2;0;0;85m@\e[38;2;36;36;0m@\e[38;2;0;0;0m@\e[38;2;0;0;0m@\e[38;2;0;0;85m@\e[38;2;36;0;0m@\e[38;2;0;0;0m@\e[38;2;0;0;0m@\e[38;2;0;0;0m@\e[38;2;0;0;0m@\e[38;2;0;0;0m@\e[38;2;0;0;0m@\e[38;2;0;0;0m@\e[38;2;0;0;0m@\e[38;2;0;0;0m@
\e[38;2;72;72;85m@\e[38;2;108;108;170m@\e[38;2;72;108;170m@\e[38;2;72;72;85m@\e[38;2;36;72;85m@\e[38;2;72;72;85m@\e[38;2;72;72;170m@\e[38;2;108;72;170m@\e[38;2;0;0;0m@\e[38;2;36;36;0m@\e[38;2;0;0;85m@\e[38;2;36;36;85m@\e[38;2;0;0;0m@\e[38;2;36;36;0m@\e[38;2;0;0;85m@\e[38;2;36;36;85m@\e[38;2;0;0;0m@\e[38;2;36;36;0m@\e[38;2;0;0;85m@\e[38;2;36;36;85m@\e[38;2;0;0;0m@\e[38;2;0;0;0m@\e[38;2;0;0;0m@\e[38;2;36;36;85m@\e[38;2;0;0;0m@\e[38;2;36;36;0m@\e[38;2;0;0;0m@\e[38;2;36;36;0m@\e[38;2;0;0;0m@\e[38;2;36;0;0m@
\e[38;2;108;108;85m@\e[38;2;108;108;170m@\e[38;2;108;108;170m@\e[38;2;72;72;85m@\e[38;2;72;72;85m@\e[38;2;36;72;85m@\e[38;2;108;108;170m@\e[38;2;72;72;170m@\e[38;2;36;36;85m@\e[38;2;0;0;85m@\e[38;2;36;36;0m@\e[38;2;36;36;85m@\e[38;2;0;0;0m@\e[38;2;0;0;85m@\e[38;2;36;36;0m@\e[38;2;36;36;85m@\e[38;2;0;0;0m@\e[38;2;0;0;85m@\e[38;2;36;36;0m@\e[38;2;36;0;85m@\e[38;2;0;0;0m@\e[38;2;0;0;85m@\e[38;2;0;0;0m@\e[38;2;36;36;85m@\e[38;2;36;36;0m@\e[38;2;0;0;85m@\e[38;2;36;36;0m@\e[38;2;36;36;85m@\e[38;2;36;36;85m@\e[38;2;0;0;0m@
\e[38;2;72;72;85m@\e[38;2;108;108;170m@\e[38;2;108;108;170m@\e[38;2;108;144;170m@\e[38;2;108;108;170m@\e[38;2;72;72;85m@\e[38;2;72;72;170m@\e[38;2;72;72;170m@\e[38;2;36;36;85m@\e[38;2;36;36;85m@\e[38;2;36;0;85m@\e[38;2;36;36;0m@\e[38;2;0;0;85m@\e[38;2;36;36;85m@\e[38;2;0;0;85m@\e[38;2;36;36;85m@\e[38;2;0;0;85m@\e[38;2;36;36;85m@\e[38;2;0;0;0m@\e[38;2;36;36;85m@\e[38;2;0;0;85m@\e[38;2;36;36;85m@\e[38;2;72;72;85m@\e[38;2;72;72;85m@\e[38;2;36;36;85m@\e[38;2;36;36;0m@\e[38;2;0;0;85m@\e[38;2;36;36;85m@\e[38;2;36;36;85m@\e[38;2;0;36;0m@
\e[38;2;72;72;85m@\e[38;2;72;72;170m@\e[38;2;108;108;170m@\e[38;2;108;108;170m@\e[38;2;108;144;170m@\e[38;2;108;108;170m@\e[38;2;108;108;170m@\e[38;2;108;108;170m@\e[38;2;72;72;85m@\e[38;2;36;36;85m@\e[38;2;36;36;85m@\e[38;2;0;0;85m@\e[38;2;36;36;85m@\e[38;2;36;36;85m@\e[38;2;36;36;85m@\e[38;2;36;36;85m@\e[38;2;36;36;85m@\e[38;2;36;36;85m@\e[38;2;0;0;0m@\e[38;2;0;0;85m@\e[38;2;36;36;85m@\e[38;2;36;36;85m@\e[38;2;36;36;0m@\e[38;2;108;108;170m@\e[38;2;36;72;85m@\e[38;2;36;72;85m@\e[38;2;36;36;0m@\e[38;2;36;36;85m@\e[38;2;36;36;0m@\e[38;2;0;0;0m@
\e[38;2;72;72;85m@\e[38;2;108;108;170m@\e[38;2;108;108;170m@\e[38;2;108;108;170m@\e[38;2;108;108;170m@\e[38;2;108;144;170m@\e[38;2;108;108;170m@\e[38;2;108;144;170m@\e[38;2;72;72;85m@\e[38;2;36;36;85m@\e[38;2;36;36;85m@\e[38;2;36;72;85m@\e[38;2;36;36;85m@\e[38;2;36;36;85m@\e[38;2;36;36;85m@\e[38;2;36;36;85m@\e[38;2;36;36;85m@\e[38;2;36;36;85m@\e[38;2;0;0;85m@\e[38;2;36;36;85m@\e[38;2;36;36;85m@\e[38;2;36;36;85m@\e[38;2;36;36;85m@\e[38;2;36;72;85m@\e[38;2;216;216;255m@\e[38;2;0;36;85m@\e[38;2;36;72;85m@\e[38;2;36;36;85m@\e[38;2;36;36;85m@\e[38;2;0;0;0m@
\e[38;2;108;108;85m@\e[38;2;108;108;170m@\e[38;2;108;108;170m@\e[38;2;108;108;170m@\e[38;2;108;108;170m@\e[38;2;108;108;170m@\e[38;2;108;108;170m@\e[38;2;108;108;170m@\e[38;2;108;108;170m@\e[38;2;36;36;85m@\e[38;2;36;72;85m@\e[38;2;36;36;85m@\e[38;2;36;36;85m@\e[38;2;36;36;85m@\e[38;2;36;72;85m@\e[38;2;36;36;85m@\e[38;2;36;36;85m@\e[38;2;36;36;85m@\e[38;2;36;36;85m@\e[38;2;36;36;85m@\e[38;2;36;36;85m@\e[38;2;36;36;85m@\e[38;2;36;36;85m@\e[38;2;36;36;85m@\e[38;2;108;144;170m@\e[38;2;72;72;85m@\e[38;2;36;36;85m@\e[38;2;36;36;85m@\e[38;2;36;36;85m@\e[38;2;0;0;0m@
\e[38;2;72;72;85m@\e[38;2;108;108;170m@\e[38;2;108;108;170m@\e[38;2;108;108;170m@\e[38;2;108;108;170m@\e[38;2;108;144;170m@\e[38;2;108;108;170m@\e[38;2;108;144;170m@\e[38;2;108;108;170m@\e[38;2;72;72;85m@\e[38;2;36;36;85m@\e[38;2;36;36;85m@\e[38;2;36;36;85m@\e[38;2;72;72;85m@\e[38;2;36;36;85m@\e[38;2;36;36;85m@\e[38;2;36;36;85m@\e[38;2;36;72;85m@\e[38;2;36;36;85m@\e[38;2;36;72;85m@\e[38;2;36;36;85m@\e[38;2;36;72;85m@\e[38;2;36;36;85m@\e[38;2;36;72;85m@\e[38;2;36;36;85m@\e[38;2;180;180;170m@\e[38;2;36;72;85m@\e[38;2;36;36;85m@\e[38;2;36;36;85m@\e[38;2;0;0;0m@
\e[38;2;72;72;85m@\e[38;2;72;72;170m@\e[38;2;108;108;170m@\e[38;2;108;108;170m@\e[38;2;108;108;170m@\e[38;2;108;108;170m@\e[38;2;108;108;170m@\e[38;2;108;108;170m@\e[38;2;108;144;170m@\e[38;2;72;72;85m@\e[38;2;36;36;85m@\e[38;2;36;36;85m@\e[38;2;36;72;85m@\e[38;2;36;36;85m@\e[38;2;36;36;85m@\e[38;2;36;36;85m@\e[38;2;36;36;85m@\e[38;2;36;36;85m@\e[38;2;36;36;85m@\e[38;2;36;36;85m@\e[38;2;36;36;85m@\e[38;2;36;36;85m@\e[38;2;36;36;85m@\e[38;2;36;36;85m@\e[38;2;36;72;85m@\e[38;2;180;180;255m@\e[38;2;36;36;85m@\e[38;2;36;36;85m@\e[38;2;36;36;85m@\e[38;2;0;0;0m@
\e[38;2;72;72;85m@\e[38;2;72;108;170m@\e[38;2;108;108;170m@\e[38;2;108;108;170m@\e[38;2;108;108;170m@\e[38;2;108;144;170m@\e[38;2;108;108;170m@\e[38;2;108;108;170m@\e[38;2;108;108;170m@\e[38;2;108;144;170m@\e[38;2;36;36;85m@\e[38;2;36;72;85m@\e[38;2;36;36;85m@\e[38;2;36;36;85m@\e[38;2;36;36;85m@\e[38;2;36;72;85m@\e[38;2;36;36;85m@\e[38;2;36;72;85m@\e[38;2;36;36;85m@\e[38;2;36;72;85m@\e[38;2;36;36;85m@\e[38;2;36;72;85m@\e[38;2;36;36;85m@\e[38;2;36;72;85m@\e[38;2;36;36;85m@\e[38;2;144;180;255m@\e[38;2;36;36;85m@\e[38;2;36;36;85m@\e[38;2;36;36;85m@\e[38;2;0;0;0m@
\e[38;2;72;72;85m@\e[38;2;72;72;170m@\e[38;2;108;108;170m@\e[38;2;108;108;170m@\e[38;2;108;108;170m@\e[38;2;108;108;170m@\e[38;2;108;144;170m@\e[38;2;108;108;170m@\e[38;2;108;108;170m@\e[38;2;72;72;170m@\e[38;2;36;36;85m@\e[38;2;36;36;85m@\e[38;2;36;36;85m@\e[38;2;36;36;85m@\e[38;2;36;72;85m@\e[38;2;36;36;85m@\e[38;2;36;36;85m@\e[38;2;36;36;85m@\e[38;2;36;36;85m@\e[38;2;36;36;85m@\e[38;2;36;36;85m@\e[38;2;36;36;85m@\e[38;2;36;36;85m@\e[38;2;36;36;85m@\e[38;2;36;36;85m@\e[38;2;180;180;255m@\e[38;2;36;36;85m@\e[38;2;36;36;85m@\e[38;2;36;36;85m@\e[38;2;0;0;0m@
\e[38;2;72;72;85m@\e[38;2;72;72;170m@\e[38;2;108;108;170m@\e[38;2;108;108;170m@\e[38;2;108;108;170m@\e[38;2;108;144;170m@\e[38;2;108;108;170m@\e[38;2;108;144;170m@\e[38;2;108;108;170m@\e[38;2;108;108;170m@\e[38;2;36;36;85m@\e[38;2;36;72;85m@\e[38;2;36;36;85m@\e[38;2;36;36;85m@\e[38;2;36;36;85m@\e[38;2;36;36;85m@\e[38;2;36;36;85m@\e[38;2;36;36;85m@\e[38;2;36;36;85m@\e[38;2;36;36;85m@\e[38;2;36;36;85m@\e[38;2;36;36;85m@\e[38;2;36;36;85m@\e[38;2;36;36;85m@\e[38;2;36;36;85m@\e[38;2;144;144;255m@\e[38;2;36;36;85m@\e[38;2;36;72;85m@\e[38;2;36;36;85m@\e[38;2;0;0;0m@
\e[38;2;72;72;85m@\e[38;2;72;72;170m@\e[38;2;108;108;170m@\e[38;2;108;108;170m@\e[38;2;108;144;170m@\e[38;2;72;72;170m@\e[38;2;108;108;170m@\e[38;2;108;144;170m@\e[38;2;108;108;170m@\e[38;2;108;108;170m@\e[38;2;72;72;85m@\e[38;2;36;36;85m@\e[38;2;36;36;85m@\e[38;2;36;36;85m@\e[38;2;36;36;85m@\e[38;2;36;36;85m@\e[38;2;36;36;85m@\e[38;2;36;36;85m@\e[38;2;36;36;85m@\e[38;2;36;36;85m@\e[38;2;36;36;85m@\e[38;2;36;36;85m@\e[38;2;36;36;85m@\e[38;2;36;36;85m@\e[38;2;72;72;85m@\e[38;2;108;144;255m@\e[38;2;36;72;85m@\e[38;2;36;36;85m@\e[38;2;36;36;85m@\e[38;2;0;0;0m@
\e[38;2;72;72;85m@\e[38;2;108;108;170m@\e[38;2;72;72;170m@\e[38;2;108;108;170m@\e[38;2;108;108;170m@\e[38;2;108;108;170m@\e[38;2;108;108;170m@\e[38;2;108;108;170m@\e[38;2;108;108;170m@\e[38;2;108;108;170m@\e[38;2;72;72;170m@\e[38;2;108;108;170m@\e[38;2;36;36;85m@\e[38;2;36;36;85m@\e[38;2;36;36;85m@\e[38;2;36;36;85m@\e[38;2;36;36;85m@\e[38;2;36;72;85m@\e[38;2;36;36;85m@\e[38;2;36;36;85m@\e[38;2;36;36;85m@\e[38;2;36;72;85m@\e[38;2;36;36;85m@\e[38;2;36;36;85m@\e[38;2;72;72;170m@\e[38;2;144;180;255m@\e[38;2;36;36;85m@\e[38;2;72;72;85m@\e[38;2;36;36;85m@\e[38;2;0;0;0m@
\e[38;2;72;72;85m@\e[38;2;72;72;170m@\e[38;2;108;108;170m@\e[38;2;108;108;170m@\e[38;2;108;108;170m@\e[38;2;72;72;170m@\e[38;2;108;144;170m@\e[38;2;108;108;170m@\e[38;2;108;144;170m@\e[38;2;108;108;170m@\e[38;2;72;72;85m@\e[38;2;108;108;170m@\e[38;2;72;108;170m@\e[38;2;36;36;85m@\e[38;2;36;36;85m@\e[38;2;36;36;85m@\e[38;2;36;36;85m@\e[38;2;36;36;85m@\e[38;2;36;36;85m@\e[38;2;36;36;85m@\e[38;2;36;36;85m@\e[38;2;36;36;85m@\e[38;2;36;72;85m@\e[38;2;36;36;85m@\e[38;2;72;108;170m@\e[38;2;72;108;170m@\e[38;2;72;72;85m@\e[38;2;72;72;85m@\e[38;2;72;72;85m@\e[38;2;0;0;85m@
\e[38;2;72;72;85m@\e[38;2;108;108;170m@\e[38;2;72;72;170m@\e[38;2;108;108;170m@\e[38;2;108;108;170m@\e[38;2;108;144;170m@\e[38;2;72;72;170m@\e[38;2;144;108;170m@\e[38;2;108;108;170m@\e[38;2;108;144;170m@\e[38;2;72;72;170m@\e[38;2;108;108;170m@\e[38;2;108;108;170m@\e[38;2;36;36;85m@\e[38;2;36;36;85m@\e[38;2;36;36;85m@\e[38;2;36;36;85m@\e[38;2;36;72;85m@\e[38;2;36;36;85m@\e[38;2;72;72;85m@\e[38;2;36;36;85m@\e[38;2;72;72;85m@\e[38;2;36;36;85m@\e[38;2;72;72;85m@\e[38;2;216;216;255m@\e[38;2;72;72;85m@\e[38;2;36;36;85m@\e[38;2;72;72;85m@\e[38;2;36;36;85m@\e[38;2;36;36;0m@
\e[38;2;72;72;85m@\e[38;2;72;72;170m@\e[38;2;72;72;170m@\e[38;2;108;108;170m@\e[38;2;108;108;170m@\e[38;2;108;108;170m@\e[38;2;108;108;170m@\e[38;2;108;108;170m@\e[38;2;108;144;170m@\e[38;2;108;108;170m@\e[38;2;108;108;170m@\e[38;2;108;108;170m@\e[38;2;108;108;170m@\e[38;2;36;36;85m@\e[38;2;36;36;85m@\e[38;2;36;36;85m@\e[38;2;36;36;85m@\e[38;2;36;36;85m@\e[38;2;36;36;85m@\e[38;2;36;36;85m@\e[38;2;72;72;85m@\e[38;2;36;36;85m@\e[38;2;36;36;85m@\e[38;2;108;108;170m@\e[38;2;144;144;170m@\e[38;2;72;72;85m@\e[38;2;72;72;85m@\e[38;2;72;72;85m@\e[38;2;72;72;85m@\e[38;2;36;36;85m@
\e[38;2;72;72;85m@\e[38;2;72;108;170m@\e[38;2;72;72;170m@\e[38;2;72;108;170m@\e[38;2;72;72;170m@\e[38;2;108;108;170m@\e[38;2;108;108;170m@\e[38;2;108;108;170m@\e[38;2;108;108;170m@\e[38;2;108;108;170m@\e[38;2;108;108;170m@\e[38;2;72;72;170m@\e[38;2;108;108;170m@\e[38;2;72;72;85m@\e[38;2;36;36;85m@\e[38;2;72;72;85m@\e[38;2;36;36;85m@\e[38;2;72;72;85m@\e[38;2;36;36;85m@\e[38;2;72;72;85m@\e[38;2;36;36;85m@\e[38;2;36;72;85m@\e[38;2;108;144;170m@\e[38;2;180;180;255m@\e[38;2;36;36;85m@\e[38;2;72;72;85m@\e[38;2;36;36;85m@\e[38;2;72;72;85m@\e[38;2;108;144;170m@\e[38;2;0;36;0m@
\e[38;2;72;72;85m@\e[38;2;72;72;170m@\e[38;2;72;108;170m@\e[38;2;72;72;170m@\e[38;2;108;108;170m@\e[38;2;108;108;170m@\e[38;2;108;108;170m@\e[38;2;108;108;170m@\e[38;2;108;108;170m@\e[38;2;108;108;170m@\e[38;2;108;144;170m@\e[38;2;72;108;170m@\e[38;2;108;108;170m@\e[38;2;72;72;170m@\e[38;2;36;72;85m@\e[38;2;36;36;85m@\e[38;2;36;36;85m@\e[38;2;36;36;85m@\e[38;2;72;72;85m@\e[38;2;72;72;85m@\e[38;2;72;72;85m@\e[38;2;72;72;170m@\e[38;2;72;72;85m@\e[38;2;72;72;85m@\e[38;2;72;72;85m@\e[38;2;72;72;170m@\e[38;2;36;72;85m@\e[38;2;72;72;85m@\e[38;2;144;144;170m@\e[38;2;0;0;0m@
\e[38;2;72;72;85m@\e[38;2;72;108;170m@\e[38;2;72;72;170m@\e[38;2;72;72;170m@\e[38;2;72;72;170m@\e[38;2;108;144;170m@\e[38;2;108;108;170m@\e[38;2;108;144;170m@\e[38;2;108;108;170m@\e[38;2;108;144;170m@\e[38;2;108;108;170m@\e[38;2;108;108;170m@\e[38;2;72;72;170m@\e[38;2;72;72;85m@\e[38;2;36;36;85m@\e[38;2;72;72;85m@\e[38;2;36;36;85m@\e[38;2;72;72;85m@\e[38;2;36;36;85m@\e[38;2;72;72;85m@\e[38;2;36;36;85m@\e[38;2;72;72;85m@\e[38;2;36;36;85m@\e[38;2;72;72;85m@\e[38;2;72;72;85m@\e[38;2;72;72;85m@\e[38;2;36;36;85m@\e[38;2;72;72;85m@\e[38;2;108;108;170m@\e[38;2;36;36;85m@
\e[38;2;72;72;85m@\e[38;2;72;72;170m@\e[38;2;72;72;85m@\e[38;2;72;108;170m@\e[38;2;72;72;170m@\e[38;2;108;108;170m@\e[38;2;108;108;170m@\e[38;2;72;72;170m@\e[38;2;108;108;170m@\e[38;2;108;108;170m@\e[38;2;108;108;170m@\e[38;2;108;108;170m@\e[38;2;108;144;170m@\e[38;2;36;36;85m@\e[38;2;36;72;85m@\e[38;2;36;72;170m@\e[38;2;72;72;85m@\e[38;2;36;36;85m@\e[38;2;36;72;85m@\e[38;2;36;36;85m@\e[38;2;72;72;85m@\e[38;2;72;72;170m@\e[38;2;72;72;85m@\e[38;2;72;72;170m@\e[38;2;72;72;85m@\e[38;2;72;72;170m@\e[38;2;108;108;170m@\e[38;2;108;108;170m@\e[38;2;108;108;170m@\e[38;2;0;0;0m@
\e[38;2;72;108;170m@\e[38;2;72;108;170m@\e[38;2;72;72;170m@\e[38;2;72;108;170m@\e[38;2;72;72;170m@\e[38;2;108;108;170m@\e[38;2;108;108;170m@\e[38;2;108;72;170m@\e[38;2;72;72;170m@\e[38;2;108;108;170m@\e[38;2;108;108;170m@\e[38;2;108;108;170m@\e[38;2;108;108;170m@\e[38;2;72;72;85m@\e[38;2;72;72;170m@\e[38;2;72;108;170m@\e[38;2;36;72;85m@\e[38;2;72;72;85m@\e[38;2;36;36;85m@\e[38;2;72;72;85m@\e[38;2;36;36;85m@\e[38;2;72;72;85m@\e[38;2;36;72;85m@\e[38;2;72;72;85m@\e[38;2;72;72;85m@\e[38;2;72;72;85m@\e[38;2;144;144;170m@\e[38;2;144;144;170m@\e[38;2;108;108;170m@\e[38;2;36;36;85m@
\e[38;2;108;144;170m@\e[38;2;72;108;170m@\e[38;2;72;72;170m@\e[38;2;72;72;170m@\e[38;2;72;108;170m@\e[38;2;108;108;170m@\e[38;2;108;108;170m@\e[38;2;72;72;170m@\e[38;2;108;108;170m@\e[38;2;108;108;170m@\e[38;2;108;108;170m@\e[38;2;108;108;170m@\e[38;2;108;108;170m@\e[38;2;72;72;170m@\e[38;2;72;72;85m@\e[38;2;72;108;170m@\e[38;2;72;72;170m@\e[38;2;36;72;85m@\e[38;2;36;72;85m@\e[38;2;72;72;170m@\e[38;2;72;72;85m@\e[38;2;72;72;170m@\e[38;2;72;72;85m@\e[38;2;72;72;85m@\e[38;2;72;72;85m@\e[38;2;72;72;85m@\e[38;2;108;108;170m@\e[38;2;108;108;170m@\e[38;2;108;108;170m@\e[38;2;36;36;85m@
\e[38;2;108;108;170m@\e[38;2;108;144;170m@\e[38;2;72;72;170m@\e[38;2;72;72;170m@\e[38;2;72;72;170m@\e[38;2;108;108;170m@\e[38;2;72;72;170m@\e[38;2;108;72;170m@\e[38;2;72;108;170m@\e[38;2;108;144;170m@\e[38;2;108;108;170m@\e[38;2;108;108;170m@\e[38;2;108;108;170m@\e[38;2;108;108;170m@\e[38;2;72;72;85m@\e[38;2;108;144;170m@\e[38;2;108;108;170m@\e[38;2;108;108;170m@\e[38;2;36;36;85m@\e[38;2;72;72;85m@\e[38;2;36;36;85m@\e[38;2;72;72;85m@\e[38;2;72;72;170m@\e[38;2;72;72;85m@\e[38;2;72;72;170m@\e[38;2;108;108;170m@\e[38;2;108;108;170m@\e[38;2;108;144;170m@\e[38;2;108;108;170m@\e[38;2;36;36;85m@
\e[38;2;108;108;85m@\e[38;2;108;108;170m@\e[38;2;108;108;170m@\e[38;2;72;72;170m@\e[38;2;72;72;170m@\e[38;2;72;72;170m@\e[38;2;72;72;170m@\e[38;2;72;72;170m@\e[38;2;108;108;170m@\e[38;2;108;108;170m@\e[38;2;108;108;170m@\e[38;2;108;108;170m@\e[38;2;108;108;170m@\e[38;2;72;108;170m@\e[38;2;108;144;170m@\e[38;2;108;108;170m@\e[38;2;108;108;170m@\e[38;2;108;108;170m@\e[38;2;72;72;85m@\e[38;2;36;72;170m@\e[38;2;72;72;85m@\e[38;2;36;72;85m@\e[38;2;72;72;85m@\e[38;2;72;72;170m@\e[38;2;108;108;170m@\e[38;2;108;108;170m@\e[38;2;108;108;170m@\e[38;2;72;108;170m@\e[38;2;108;144;170m@\e[38;2;0;0;0m@
\e[38;2;72;72;85m@\e[38;2;72;72;85m@\e[38;2;72;72;85m@\e[38;2;72;108;85m@\e[38;2;36;72;85m@\e[38;2;72;72;85m@\e[38;2;72;72;85m@\e[38;2;72;72;85m@\e[38;2;72;72;85m@\e[38;2;72;72;85m@\e[38;2;72;72;85m@\e[38;2;72;72;85m@\e[38;2;72;72;85m@\e[38;2;72;72;85m@\e[38;2;72;72;85m@\e[38;2;72;72;85m@\e[38;2;72;72;85m@\e[38;2;72;108;85m@\e[38;2;72;72;85m@\e[38;2;36;72;85m@\e[38;2;36;36;85m@\e[38;2;72;72;85m@\e[38;2;36;36;85m@\e[38;2;36;72;85m@\e[38;2;36;36;85m@\e[38;2;36;36;85m@\e[38;2;36;36;85m@\e[38;2;36;36;85m@\e[38;2;0;36;0m@\e[38;2;0;0;0m@
[0m