\e[38;2;0;0;0m██████████████████████████████████████████████████████████████████████████████
██████████████████████████████████████████████████████████████████████████████
██████████████████████████████████████████████████████████████████████████████
██████████████████████████████████████████████████████████████████████████████
██████████████████████████████████████████████████████████████████████████████
\e[38;2;239;239;193m██\e[38;2;205;197;177m██\e[38;2;171;155;161m████\e[38;2;121;105;111m██\e[38;2;79;63;69m██\e[38;2;83;67;75m██\e[38;2;85;71;79m██\e[38;2;75;61;69m████\e[38;2;83;69;77m██\e[38;2;79;65;73m██\e[38;2;81;69;75m████\e[38;2;77;67;71m██\e[38;2;81;37;43m██\e[38;2;119;73;79m██\e[38;2;123;111;115m██\e[38;2;95;85;87m██████████\e[38;2;91;85;87m██████\e[38;2;89;83;85m██████\e[38;2;87;83;83m████████\e[38;2;113;109;107m██\e[38;2;107;71;69m██\e[38;2;63;31;31m██\e[38;2;55;55;53m████\e[38;2;51;51;49m██
\e[38;2;255;255;198m██\e[38;2;230;222;196m██\e[38;2;205;189;194m████\e[38;2;140;125;130m██\e[38;2;88;73;79m██\e[38;2;100;86;93m████\e[38;2;86;70;78m████\e[38;2;99;84;92m██\e[38;2;122;109;77m██\e[38;2;147;134;64m██\e[38;2;143;130;63m██\e[38;2;139;127;62m██\e[38;2;114;68;38m██\e[38;2;127;80;85m██\e[38;2;138;126;130m██\e[38;2;108;97;101m██\e[38;2;101;91;94m████\e[38;2;106;96;100m██\e[38;2;112;102;106m████████\e[38;2;109;102;104m██████\e[38;2;101;95;95m██\e[38;2;94;89;88m████\e[38;2;98;95;92m██\e[38;2;127;123;119m██\e[38;2;114;77;74m██\e[38;2;90;54;26m██\e[38;2;102;101;43m██\e[38;2;104;103;43m██\e[38;2;83;83;51m██
\e[38;2;205;191;152m████\e[38;2;153;139;123m██\e[38;2;101;88;93m████\e[38;2;100;86;92m████\e[38;2;102;87;93m██\e[38;2;86;71;79m████\e[38;2;99;85;92m██\e[38;2;122;110;76m██\e[38;2;120;108;75m██\e[38;2;89;77;84m██\e[38;2;86;74;80m██\e[38;2;86;41;47m██\e[38;2;119;75;80m██\e[38;2;130;118;123m██\e[38;2;108;97;101m██████\e[38;2;105;96;100m██████████\e[38;2;103;95;98m██████\e[38;2;101;95;96m████\e[38;2;100;95;93m████\e[38;2;119;115;112m██\e[38;2;107;72;70m██\e[38;2;65;32;32m██\e[38;2;57;57;56m██\e[38;2;80;79;49m████
\e[38;2;148;134;124m██████\e[38;2;130;116;114m██\e[38;2;113;99;105m████████\e[38;2;96;80;89m████\e[38;2;111;98;104m██\e[38;2;138;125;86m██\e[38;2;135;123;85m██\e[38;2;99;87;94m██\e[38;2;95;83;89m██\e[38;2;92;46;52m██\e[38;2;126;80;84m██\e[38;2;137;126;130m██\e[38;2;114;103;107m██████\e[38;2;112;102;106m████████\e[38;2;109;102;104m██████\e[38;2;108;101;102m████\e[38;2;106;101;100m████\e[38;2;105;100;98m██\e[38;2;127;123;119m██\e[38;2;114;77;74m██\e[38;2;70;34;34m██\e[38;2;63;62;60m██\e[38;2;88;87;53m██\e[38;2;89;89;54m██
\e[38;2;133;120;116m████████\e[38;2;121;108;109m██\e[38;2;110;98;103m████\e[38;2;113;100;104m██\e[38;2;95;80;87m████\e[38;2;110;97;103m██\e[38;2;136;123;85m██\e[38;2;133;121;82m██\e[38;2;97;86;91m██\e[38;2;93;82;87m██\e[38;2;88;45;50m██\e[38;2;118;75;79m██\e[38;2;150;139;143m██████\e[38;2;148;138;142m██████████\e[38;2;145;137;140m██████\e[38;2;143;137;136m██████\e[38;2;141;136;133m██████\e[38;2;107;72;69m██\e[38;2;67;33;33m██\e[38;2;60;59;57m██\e[38;2;85;84;50m██\e[38;2;87;86;51m██
\e[38;2;124;111;115m██████████\e[38;2;123;109;114m████\e[38;2;125;111;116m██\e[38;2;105;89;97m████\e[38;2;121;107;113m██\e[38;2;151;137;93m██\e[38;2;148;135;90m██\e[38;2;107;95;100m██\e[38;2;102;90;96m██\e[38;2;95;50;54m██\e[38;2;90;11;15m████████\e[38;2;88;10;14m████████\e[38;2;85;9;12m██████████\e[38;2;82;9;11m██████\e[38;2;80;8;10m██████\e[38;2;72;36;35m██\e[38;2;65;65;62m██\e[38;2;93;92;54m██\e[38;2;95;94;56m██
\e[38;2;120;107;112m██████████\e[38;2;119;105;111m████\e[38;2;121;108;113m██\e[38;2;102;87;94m████\e[38;2;118;105;109m██\e[38;2;147;134;90m██\e[38;2;143;131;87m██\e[38;2;103;92;97m██\e[38;2;99;88;92m██\e[38;2;91;48;52m██\e[38;2;131;21;23m██\e[38;2;197;26;30m██\e[38;2;229;35;33m██\e[38;2;240;48;37m████████████████\e[38;2;240;47;34m██████████\e[38;2;225;33;27m██\e[38;2;188;24;24m██\e[38;2;121;19;16m██\e[38;2;68;34;33m██\e[38;2;62;62;58m██\e[38;2;89;88;52m██\e[38;2;91;90;53m██
\e[38;2;131;117;121m████████████\e[38;2;129;116;120m██\e[38;2;132;118;123m██\e[38;2;110;95;102m████\e[38;2;128;115;120m██\e[38;2;121;108;113m██\e[38;2;117;105;109m██\e[38;2;112;101;105m██\e[38;2;106;96;100m██\e[38;2;97;52;56m██\e[38;2;139;22;24m██\e[38;2;102;20;22m██\e[38;2;25;15;19m██\e[38;2;34;24;27m████████\e[38;2;31;23;26m██████████\e[38;2;29;23;24m████\e[38;2;18;13;15m██████\e[38;2;93;18;16m██\e[38;2;128;20;17m██\e[38;2;72;36;35m██\e[38;2;67;66;63m██\e[38;2;70;69;65m██\e[38;2;72;72;67m██
\e[38;2;123;111;115m██████████████\e[38;2;126;113;117m██\e[38;2;105;91;97m████\e[38;2;123;110;114m██\e[38;2;115;103;107m██\e[38;2;112;101;105m██\e[38;2;107;97;101m██\e[38;2;101;91;95m██\e[38;2;91;49;53m██\e[38;2;130;20;22m██\e[38;2;104;27;28m██\e[38;2;75;66;69m██\e[38;2;118;109;112m████████\e[38;2;98;97;102m████\e[38;2;96;97;100m██████\e[38;2;95;97;97m████\e[38;2;50;53;55m██\e[38;2;25;21;22m██\e[38;2;16;13;13m██\e[38;2;87;17;15m██\e[38;2;120;19;16m██\e[38;2;67;34;33m██\e[38;2;63;62;59m██\e[38;2;67;66;62m████
\e[38;2;133;120;123m████████████\e[38;2;131;118;122m██\e[38;2;134;121;125m██\e[38;2;113;98;104m████\e[38;2;131;119;123m██\e[38;2;164;152;100m██\e[38;2;159;148;96m██\e[38;2;114;104;107m██\e[38;2;109;98;103m██\e[38;2;97;53;57m██\e[38;2;138;22;23m██\e[38;2;110;29;30m██\e[38;2;80;70;73m██\e[38;2;140;132;135m██\e[38;2;196;198;133m██\e[38;2;204;245;114m██\e[38;2;145;185;123m██\e[38;2;136;137;141m██\e[38;2;204;200;127m████\e[38;2;135;137;138m████\e[38;2;133;136;135m██\e[38;2;98;108;110m██\e[38;2;62;65;66m██\e[38;2;35;31;31m██\e[38;2;17;13;14m██\e[38;2;92;18;16m██\e[38;2;128;20;17m██\e[38;2;72;37;35m██\e[38;2;68;67;63m██\e[38;2;97;96;56m██\e[38;2;99;99;57m██
\e[38;2;125;114;117m████████████\e[38;2;124;112;116m██\e[38;2;127;116;119m██\e[38;2;106;93;98m████\e[38;2;124;113;116m██\e[38;2;155;144;95m██\e[38;2;151;141;92m██\e[38;2;108;98;102m██\e[38;2;102;92;97m██\e[38;2;91;49;53m██\e[38;2;129;20;21m██\e[38;2;103;27;28m██\e[38;2;74;66;69m██\e[38;2;115;115;119m██\e[38;2;137;174;115m██\e[38;2;161;228;104m██\e[38;2;153;183;122m██\e[38;2;152;146;149m████\e[38;2;163;142;81m██\e[38;2;175;148;115m██\e[38;2;221;134;102m██\e[38;2;155;105;109m██\e[38;2;92;102;104m██\e[38;2;146;159;95m██\e[38;2;198;201;67m██\e[38;2;138;129;17m██\e[38;2;131;59;14m██\e[38;2;120;19;16m██\e[38;2;68;35;32m██\e[38;2;64;63;59m██\e[38;2;91;91;52m██\e[38;2;93;94;54m██
\e[38;2;134;121;125m██████████\e[38;2;132;120;124m████\e[38;2;136;124;128m██\e[38;2;113;100;105m████\e[38;2;132;120;124m██\e[38;2;165;153;101m██\e[38;2;160;149;98m██\e[38;2;114;104;108m██\e[38;2;108;98;102m██\e[38;2;96;53;56m██\e[38;2;137;22;23m██\e[38;2;109;29;29m██\e[38;2;59;58;62m██\e[38;2;129;128;135m██\e[38;2;159;172;136m██\e[38;2;159;211;106m██\e[38;2;171;204;140m██\e[38;2;144;146;150m██\e[38;2;163;133;111m██\e[38;2;188;152;128m██\e[38;2;186;105;115m██\e[38;2;187;71;71m██\e[38;2;156;121;111m██\e[38;2;110;117;118m██\e[38;2;61;65;65m██\e[38;2;34;31;30m██\e[38;2;16;13;14m██\e[38;2;92;18;16m██\e[38;2;127;20;17m██\e[38;2;72;37;34m██\e[38;2;67;67;63m██\e[38;2;97;97;56m██\e[38;2;99;100;57m██
\e[38;2;125;114;117m████████████\e[38;2;118;105;110m██\e[38;2;121;108;113m██\e[38;2;106;93;98m████\e[38;2;118;105;110m██\e[38;2;149;137;89m██\e[38;2;151;142;92m██\e[38;2;107;99;102m██\e[38;2;102;93;97m██\e[38;2;91;50;53m██\e[38;2;128;20;21m██\e[38;2;102;27;27m██\e[38;2;74;65;68m██\e[38;2;98;97;102m████\e[38;2;116;108;111m██\e[38;2;82;82;93m██\e[38;2;48;56;75m██\e[38;2;62;71;82m████████\e[38;2;60;71;80m██\e[38;2;75;85;86m██\e[38;2;145;159;93m██\e[38;2;198;201;66m██\e[38;2;137;129;17m██\e[38;2;131;59;14m██\e[38;2;120;19;16m██\e[38;2;78;16;15m██\e[38;2;84;25;24m██\e[38;2;102;72;34m██\e[38;2;90;89;50m██
\e[38;2;141;129;132m██████████\e[38;2;139;128;131m██████\e[38;2;107;93;99m██\e[38;2;105;91;98m██\e[38;2;134;123;127m██\e[38;2;168;157;104m██\e[38;2;163;154;100m██\e[38;2;121;112;115m██\e[38;2;114;106;109m██\e[38;2;99;56;59m██\e[38;2;136;21;22m██\e[38;2;108;28;29m██\e[38;2;58;57;62m██\e[38;2;111;155;172m██\e[38;2;186;229;249m██\e[38;2;160;218;252m██\e[38;2;87;149;183m██\e[38;2;135;112;184m████\e[38;2;101;113;119m████\e[38;2;110;159;172m██\e[38;2;125;172;180m██\e[38;2;97;108;107m██\e[38;2;61;65;64m██\e[38;2;34;31;30m██\e[38;2;16;13;13m██\e[38;2;92;18;15m██\e[38;2;135;18;15m██\e[38;2;138;32;43m██\e[38;2;183;60;82m██\e[38;2;147;55;52m██\e[38;2;102;41;24m██
\e[38;2;83;70;75m██████████████\e[38;2;75;62;68m██\e[38;2;69;55;62m████\e[38;2;72;59;66m██\e[38;2;103;92;68m██\e[38;2;100;90;66m██\e[38;2;71;60;66m██\e[38;2;67;57;63m██\e[38;2;73;32;36m██\e[38;2;127;19;20m██\e[38;2;101;26;27m██\e[38;2;54;54;58m██\e[38;2;136;147;154m██\e[38;2;170;187;194m██\e[38;2;167;179;186m██\e[38;2;149;156;162m████\e[38;2;224;170;233m██\e[38;2;149;158;166m██\e[38;2;104;149;162m██\e[38;2;126;205;220m██\e[38;2;117;162;168m██\e[38;2;91;102;100m██\e[38;2;145;159;92m██\e[38;2;198;201;65m██\e[38;2;137;129;17m██\e[38;2;110;50;6m██\e[38;2;150;23;33m██\e[38;2;177;39;34m██\e[38;2;178;45;12m██\e[38;2;175;53;39m██\e[38;2;166;53;67m██
\e[38;2;142;130;133m██████████\e[38;2;140;129;132m██████\e[38;2;105;93;98m██\e[38;2;103;91;97m██\e[38;2;134;124;127m██\e[38;2;168;158;104m██\e[38;2;163;154;100m██\e[38;2;121;112;115m██\e[38;2;115;106;110m██\e[38;2;99;56;60m██\e[38;2;135;21;22m██\e[38;2;107;28;28m██\e[38;2;57;57;61m██\e[38;2;119;122;130m██\e[38;2;155;164;172m████\e[38;2;136;140;145m██\e[38;2;158;165;169m██\e[38;2;190;163;228m██\e[38;2;161;134;197m██\e[38;2;137;181;190m██\e[38;2;136;205;209m██\e[38;2;139;168;162m██\e[38;2;109;117;115m██\e[38;2;61;65;63m██\e[38;2;34;31;29m██\e[38;2;16;13;13m██\e[38;2;70;9;7m██\e[38;2;159;24;35m██\e[38;2;192;46;40m████\e[38;2;200;70;47m██\e[38;2;191;72;77m██
\e[38;2;123;113;116m████████████\e[38;2;115;104;109m██\e[38;2;119;108;112m██\e[38;2;104;93;97m████\e[38;2;116;104;109m██\e[38;2;147;136;87m██\e[38;2;149;141;90m██\e[38;2;105;98;101m██\e[38;2;100;92;96m██\e[38;2;89;49;52m██\e[38;2;126;19;19m██\e[38;2;100;26;26m██\e[38;2;53;54;58m██\e[38;2;78;86;91m████\e[38;2;62;71;82m██\e[38;2;47;56;74m████\e[38;2;61;71;80m██████\e[38;2;75;85;85m██████\e[38;2;145;159;91m██\e[38;2;198;201;65m██\e[38;2;137;129;16m██\e[38;2;130;59;13m██\e[38;2;127;16;14m██\e[38;2;128;29;39m██\e[38;2;168;55;75m██\e[38;2;136;51;47m██\e[38;2;93;36;21m██
\e[38;2;130;120;122m██████████████\e[38;2;132;123;125m██\e[38;2;109;98;103m████\e[38;2;129;119;122m██\e[38;2;162;153;99m██\e[38;2;158;149;96m██\e[38;2;112;104;106m██\e[38;2;106;98;101m██\e[38;2;94;52;55m██\e[38;2;134;21;21m██\e[38;2;106;28;28m██\e[38;2;57;57;61m██\e[38;2;100;109;114m██\e[38;2;115;107;128m██\e[38;2;119;79;114m██\e[38;2;106;85;107m██\e[38;2;101;113;120m██████\e[38;2;115;126;125m██████\e[38;2;116;120;115m██\e[38;2;80;77;72m██\e[38;2;33;31;29m██\e[38;2;15;13;12m██\e[38;2;91;17;15m██\e[38;2;126;19;16m██\e[38;2;82;17;16m██\e[38;2;87;27;25m██\e[38;2;105;76;36m██\e[38;2;98;100;56m██
\e[38;2;122;112;115m██████████████\e[38;2;124;115;117m██\e[38;2;103;92;96m████\e[38;2;120;112;115m██\e[38;2;152;144;93m██\e[38;2;148;141;89m██\e[38;2;104;98;100m██\e[38;2;99;92;95m██\e[38;2;88;49;51m██\e[38;2;125;19;19m██\e[38;2;100;26;26m██\e[38;2;53;54;56m██\e[38;2;94;103;106m██\e[38;2;115;93;109m██\e[38;2;91;48;99m██\e[38;2;86;75;111m██\e[38;2;166;157;97m██\e[38;2;223;194;73m██\e[38;2;165;157;95m██\e[38;2;161;120;130m████\e[38;2;123;128;122m██\e[38;2;106;111;106m██\e[38;2;145;159;90m██\e[38;2;197;201;63m██\e[38;2;136;129;16m██\e[38;2;130;58;13m██\e[38;2;119;18;15m██\e[38;2;66;34;32m██\e[38;2;62;62;58m██\e[38;2;89;91;51m██\e[38;2;92;94;52m██
\e[38;2;129;119;121m██████████████\e[38;2;131;122;124m██\e[38;2;108;98;102m████\e[38;2;128;119;121m██\e[38;2;161;153;98m██\e[38;2;157;149;95m██\e[38;2;110;104;106m██\e[38;2;104;98;101m██\e[38;2;93;52;54m██\e[38;2;133;21;20m██\e[38;2;105;27;27m██\e[38;2;56;56;60m██\e[38;2;99;108;113m██\e[38;2;97;109;123m██\e[38;2;78;92;115m██\e[38;2;109;118;129m██\e[38;2;173;141;116m██████\e[38;2;129;129;125m██\e[38;2;172;122;129m██\e[38;2;182;137;145m██\e[38;2;128;129;123m██\e[38;2;79;77;71m██\e[38;2;33;31;28m██\e[38;2;15;13;12m██\e[38;2;91;17;14m██\e[38;2;126;19;16m██\e[38;2;70;36;33m██\e[38;2;66;66;60m██\e[38;2;94;97;53m██\e[38;2;96;100;55m██
\e[38;2;121;112;114m██████████████\e[38;2;123;115;117m██\e[38;2;101;92;96m████\e[38;2;119;112;114m██\e[38;2;112;105;107m██\e[38;2;108;102;103m██\e[38;2;103;98;99m██\e[38;2;98;92;94m██\e[38;2;87;48;50m██\e[38;2;124;19;18m██\e[38;2;99;25;25m██\e[38;2;52;53;56m██\e[38;2;76;85;89m████████\e[38;2;75;85;86m████\e[38;2;93;96;94m████\e[38;2;74;85;84m██\e[38;2;92;96;92m████\e[38;2;48;53;50m██\e[38;2;23;21;19m██\e[38;2;15;12;12m██\e[38;2;85;16;14m██\e[38;2;118;18;15m██\e[38;2;66;34;32m██\e[38;2;61;62;57m██\e[38;2;88;91;50m██\e[38;2;91;94;52m██
\e[38;2;128;119;120m██████████████\e[38;2;130;122;124m██\e[38;2;107;98;101m████\e[38;2;126;119;120m██\e[38;2;118;111;113m██\e[38;2;114;107;109m██\e[38;2;109;103;105m██\e[38;2;103;97;100m██\e[38;2;92;51;54m██\e[38;2;132;20;20m██\e[38;2;96;18;18m██\e[38;2;19;13;15m██\e[38;2;28;22;23m████████████████\e[38;2;25;22;22m██████\e[38;2;15;13;12m██████\e[38;2;90;17;14m██\e[38;2;125;19;16m██\e[38;2;70;36;33m██\e[38;2;65;66;60m██\e[38;2;68;70;62m██\e[38;2;70;73;64m██
\e[38;2;120;111;113m██████████████\e[38;2;122;115;116m██\e[38;2;100;92;95m████\e[38;2;118;111;113m██\e[38;2;150;143;91m██\e[38;2;146;140;88m██\e[38;2;102;97;99m██\e[38;2;97;91;94m██\e[38;2;86;48;50m██\e[38;2;123;19;17m██\e[38;2;190;24;25m██\e[38;2;226;33;28m██\e[38;2;240;46;31m██████████████████████\e[38;2;240;45;28m████\e[38;2;222;32;25m██\e[38;2;183;23;22m██\e[38;2;117;18;15m██\e[38;2;66;34;31m██\e[38;2;61;62;56m██\e[38;2;64;66;58m██\e[38;2;66;69;60m██
\e[38;2;127;118;120m██████████████\e[38;2;129;121;123m██\e[38;2;106;97;101m████\e[38;2;125;118;120m██\e[38;2;159;152;97m██\e[38;2;155;148;93m██\e[38;2;108;103;104m██\e[38;2;102;97;99m██\e[38;2;91;51;53m██\e[38;2;153;14;18m██\e[38;2;240;35;30m████\e[38;2;223;20;25m██\e[38;2;152;14;17m██\e[38;2;81;8;9m██████████████\e[38;2;79;7;7m████\e[38;2;149;13;15m██\e[38;2;219;19;23m██\e[38;2;235;34;26m████\e[38;2;146;13;14m██\e[38;2;70;36;32m██\e[38;2;65;67;60m██\e[38;2;95;98;54m██\e[38;2;97;101;56m██
\e[38;2;120;111;112m██████████████\e[38;2;121;114;115m██\e[38;2;99;91;94m████\e[38;2;117;111;112m██\e[38;2;149;143;90m██\e[38;2;145;140;88m██\e[38;2;102;97;98m██\e[38;2;96;91;92m██\e[38;2;85;48;49m██\e[38;2;100;18;9m██\e[38;2;146;28;17m██\e[38;2;204;38;28m██\e[38;2;225;33;28m██\e[38;2;142;14;16m████\e[38;2;72;69;65m██\e[38;2;58;55;52m████████\e[38;2;57;54;50m██\e[38;2;70;68;63m██\e[38;2;79;45;41m████\e[38;2;221;32;25m██\e[38;2;200;37;25m██\e[38;2;141;27;15m██\e[38;2;95;17;7m██\e[38;2;65;34;31m██\e[38;2;61;63;56m██\e[38;2;89;92;50m██\e[38;2;91;95;52m██
\e[38;2;126;118;119m████████████\e[38;2;124;117;118m██\e[38;2;128;121;122m██\e[38;2;105;97;100m████\e[38;2;124;118;119m██\e[38;2;158;152;96m██\e[38;2;155;149;93m██\e[38;2;108;103;104m██\e[38;2;102;98;98m██\e[38;2;90;52;53m██\e[38;2;130;20;18m██\e[38;2;201;26;25m████\e[38;2;217;40;29m██\e[38;2;168;29;20m██\e[38;2;71;33;32m██\e[38;2;76;73;69m██\e[38;2;98;93;87m██\e[38;2;106;98;92m██████\e[38;2;97;93;86m██\e[38;2;75;72;67m██\e[38;2;69;32;30m██\e[38;2;165;28;19m██\e[38;2;213;39;27m██\e[38;2;195;25;22m████\e[38;2;123;19;15m██\e[38;2;69;37;33m██\e[38;2;66;68;61m██\e[38;2;95;99;54m██\e[38;2;97;101;55m██
\e[38;2;118;110;111m██████████████\e[38;2;119;114;115m██\e[38;2;98;91;94m████\e[38;2;117;111;111m██\e[38;2;148;143;89m██\e[38;2;145;141;87m██\e[38;2;102;98;97m██\e[38;2;96;92;92m██\e[38;2;84;49;49m██\e[38;2;142;14;16m██\e[38;2;225;32;27m████\e[38;2;189;23;24m██\e[38;2;121;18;16m██\e[38;2;74;7;8m██████████████████\e[38;2;118;18;14m██\e[38;2;184;23;21m██\e[38;2;219;32;23m████\e[38;2;135;13;13m██\e[38;2;66;35;31m██\e[38;2;63;65;57m██\e[38;2;90;94;51m██\e[38;2;92;97;52m██
\e[38;2;125;117;118m██████████████\e[38;2;126;121;121m██\e[38;2;103;97;99m████\e[38;2;123;117;118m██\e[38;2;157;151;96m██\e[38;2;194;189;77m██\e[38;2;186;182;73m██\e[38;2;176;172;70m██\e[38;2;126;87;39m██\e[38;2;105;18;9m██\e[38;2;154;29;18m██\e[38;2;217;39;29m██████\e[38;2;238;34;28m██\e[38;2;221;19;24m██████████████\e[38;2;235;34;25m██\e[38;2;212;39;26m██████\e[38;2;147;29;15m██\e[38;2;98;18;7m██\e[38;2;94;64;25m██\e[38;2;119;124;45m██\e[38;2;124;129;46m██\e[38;2;99;104;56m██
\e[38;2;117;110;110m████████████\e[38;2;109;101;104m██\e[38;2;112;105;108m██\e[38;2;97;90;93m████\e[38;2;110;103;106m██\e[38;2;103;96;99m██\e[38;2;106;102;102m██\e[38;2;102;98;97m██\e[38;2;97;93;93m██\e[38;2;85;49;49m██\e[38;2;98;17;8m██\e[38;2;121;26;8m██\e[38;2;165;22;15m██\e[38;2;188;23;23m██████\e[38;2;166;28;23m██████████████\e[38;2;184;23;21m██████\e[38;2;160;22;14m██\e[38;2;116;26;7m██\e[38;2;93;17;7m██\e[38;2;67;37;32m██\e[38;2;66;69;59m██\e[38;2;68;71;61m██\e[38;2;65;68;59m██
\e[38;2;132;125;125m████████████████\e[38;2;97;90;92m████\e[38;2;126;121;121m██\e[38;2;123;118;118m██\e[38;2;120;116;114m██\e[38;2;115;112;109m██\e[38;2;110;107;104m██\e[38;2;94;56;55m██\e[38;2;79;7;7m████████████████████████████\e[38;2;76;7;6m██████████\e[38;2;74;43;37m██\e[38;2;77;81;69m██\e[38;2;79;84;71m██\e[38;2;80;86;72m██
\e[38;2;74;65;70m██████████████\e[38;2;66;59;63m██\e[38;2;60;52;56m████\e[38;2;64;57;61m██\e[38;2;69;62;66m██\e[38;2;67;61;64m██\e[38;2;65;60;62m██\e[38;2;63;57;59m██\e[38;2;60;55;56m██\e[38;2;57;53;54m██\e[38;2;54;50;51m██\e[38;2;52;47;48m██\e[38;2;49;44;46m██\e[38;2;47;43;44m████\e[38;2;45;41;42m██\e[38;2;40;36;38m██\e[38;2;35;32;34m████\e[38;2;38;35;36m██\e[38;2;41;39;39m████████████\e[38;2;42;41;40m████\e[38;2;44;43;40m████\e[38;2;46;46;42m████
\e[38;2;133;126;127m████████████████\e[38;2;97;91;93m████\e[38;2;127;123;123m██\e[38;2;125;121;120m██\e[38;2;123;119;118m██\e[38;2;120;116;115m██\e[38;2;116;113;110m██\e[38;2;111;108;104m██\e[38;2;106;104;100m██\e[38;2;101;99;95m██\e[38;2;97;94;90m██\e[38;2;93;90;87m██\e[38;2;90;87;84m██\e[38;2;88;86;81m██\e[38;2;86;84;79m██\e[38;2;84;83;77m██\e[38;2;62;59;56m████\e[38;2;82;81;75m██████████████\e[38;2;83;85;75m████\e[38;2;84;87;77m██\e[38;2;86;90;78m████\e[38;2;87;93;79m██
\e[38;2;116;109;110m██████████\e[38;2;114;109;108m██\e[38;2;108;101;102m██\e[38;2;112;105;105m██\e[38;2;96;91;91m████\e[38;2;110;104;105m██\e[38;2;104;98;98m██\e[38;2;107;104;101m██\e[38;2;105;102;98m██\e[38;2;103;99;95m██\e[38;2;99;96;92m██\e[38;2;95;93;89m██\e[38;2;91;90;85m██\e[38;2;88;87;82m██\e[38;2;86;84;79m██\e[38;2;83;81;76m██\e[38;2;81;79;74m██\e[38;2;75;73;69m██\e[38;2;76;75;70m██\e[38;2;65;64;60m████\e[38;2;75;74;68m██\e[38;2;71;71;65m██\e[38;2;75;76;68m████████████\e[38;2;75;80;69m████\e[38;2;77;83;71m████\e[38;2;73;78;67m██
\e[38;2;123;116;117m████████\e[38;2;122;116;114m██████\e[38;2;125;120;117m██\e[38;2;102;96;95m████\e[38;2;124;120;116m██\e[38;2;117;113;109m██\e[38;2;116;112;107m██\e[38;2;114;110;105m██\e[38;2;111;107;103m██\e[38;2;108;105;100m██\e[38;2;105;102;96m██\e[38;2;101;99;92m██\e[38;2;98;96;89m██\e[38;2;96;94;87m██\e[38;2;94;92;85m██\e[38;2;92;90;83m██\e[38;2;90;89;81m██\e[38;2;92;91;82m██\e[38;2;74;73;67m████\e[38;2;90;91;81m██\e[38;2;86;87;78m██████\e[38;2;84;87;76m████████\e[38;2;85;91;77m████\e[38;2;86;93;78m██████
\e[38;2;116;109;108m████████\e[38;2;114;109;106m██████\e[38;2;117;113;108m██\e[38;2;96;91;89m████\e[38;2;116;113;108m██\e[38;2;111;107;102m██\e[38;2;109;105;100m██\e[38;2;107;104;98m██\e[38;2;105;103;97m██\e[38;2;104;101;95m██\e[38;2;102;99;92m██\e[38;2;99;97;89m██\e[38;2;97;95;87m██\e[38;2;95;93;85m██\e[38;2;93;91;82m██\e[38;2;91;90;81m██████\e[38;2;74;74;68m████\e[38;2;90;92;81m██\e[38;2;86;88;77m██████\e[38;2;84;88;75m██████\e[38;2;85;90;76m████████████
\e[38;2;122;116;113m████████████\e[38;2;121;116;110m██\e[38;2;124;120;114m██\e[38;2;102;97;94m████\e[38;2;124;120;114m██\e[38;2;119;115;108m██\e[38;2;117;114;106m██\e[38;2;115;112;104m██\e[38;2;114;111;102m██\e[38;2;112;109;100m██\e[38;2;110;107;98m████\e[38;2;107;104;95m██\e[38;2;104;102;92m████\e[38;2;101;102;91m██\e[38;2;99;101;89m██\e[38;2;101;103;91m██\e[38;2;83;83;74m████\e[38;2;101;104;90m██\e[38;2;96;99;85m████\e[38;2;93;99;84m██████████████████\e[38;2;90;101;81m██
\e[38;2;115;109;105m████████████\e[38;2;113;109;103m██\e[38;2;117;113;106m██\e[38;2;96;91;87m████\e[38;2;117;114;106m██\e[38;2;112;108;100m████\e[38;2;110;107;98m██\e[38;2;108;105;96m████\e[38;2;106;104;94m██\e[38;2;104;103;92m██\e[38;2;102;102;91m██\e[38;2;100;101;89m████\e[38;2;98;99;88m████\e[38;2;99;102;88m██\e[38;2;80;81;72m████\e[38;2;98;102;87m██\e[38;2;93;98;83m██████\e[38;2;90;98;81m██████████████████
\e[38;2;122;116;110m████████████\e[38;2;120;116;108m██\e[38;2;124;120;111m██\e[38;2;102;97;91m████\e[38;2;125;121;111m██\e[38;2;119;116;106m████\e[38;2;117;115;104m██\e[38;2;116;114;102m██\e[38;2;114;113;101m████\e[38;2;112;111;99m████\e[38;2;109;110;96m██\e[38;2;106;109;95m██████\e[38;2;108;112;96m██\e[38;2;88;90;79m████\e[38;2;107;112;95m██\e[38;2;101;107;91m██████\e[38;2;99;107;89m██████████\e[38;2;97;108;86m██████\e[38;2;94;106;85m██
\e[38;2;115;109;102m████████████\e[38;2;113;109;100m██\e[38;2;117;113;103m██\e[38;2;95;91;84m████\e[38;2;116;114;104m██\e[38;2;111;109;99m████\e[38;2;109;108;97m████\e[38;2;107;107;95m████\e[38;2;105;106;93m████\e[38;2;102;105;91m██\e[38;2;101;104;89m██████\e[38;2;103;108;91m██\e[38;2;84;87;74m████\e[38;2;102;109;91m██\e[38;2;97;104;87m████████\e[38;2;95;104;85m████\e[38;2;93;104;83m████████\e[38;2;90;103;82m██\e[38;2;89;101;80m██
\e[38;2;121;116;106m██████████████\e[38;2;123;120;109m██\e[38;2;100;97;89m████\e[38;2;122;121;109m██\e[38;2;116;116;104m████\e[38;2;114;116;102m██████\e[38;2;112;115;99m████\e[38;2;110;114;98m████\e[38;2;108;113;97m██████\e[38;2;110;117;98m██\e[38;2;90;94;80m████\e[38;2;108;117;96m██\e[38;2;102;112;92m████████████\e[38;2;100;113;89m██████\e[38;2;98;111;88m████\e[38;2;95;109;86m██
\e[38;2;113;109;99m██████████\e[38;2;110;109;97m████\e[38;2;113;113;100m██\e[38;2;93;91;82m████\e[38;2;113;114;100m██\e[38;2;107;109;96m████████\e[38;2;105;109;93m██████\e[38;2;103;108;92m██████\e[38;2;101;107;89m████\e[38;2;103;111;91m██\e[38;2;84;90;75m████\e[38;2;101;112;91m██\e[38;2;96;107;87m██████████\e[38;2;94;107;84m████████\e[38;2;92;105;83m██\e[38;2;90;104;82m████
\e[38;2;118;116;104m████████\e[38;2;115;116;102m██████\e[38;2;118;120;105m██\e[38;2;97;97;86m████\e[38;2;119;121;106m██\e[38;2;113;116;101m██████\e[38;2;110;116;99m████████\e[38;2;108;116;97m██████\e[38;2;107;115;95m████\e[38;2;109;119;97m██\e[38;2;89;96;79m████\e[38;2;107;120;96m██\e[38;2;103;115;92m████████\e[38;2;101;115;90m████\e[38;2;99;114;89m████\e[38;2;98;112;87m████\e[38;2;96;111;86m████
\e[38;2;109;109;96m██████████\e[38;2;106;109;95m████\e[38;2;109;113;97m██\e[38;2;89;91;80m██\e[38;2;91;92;81m██\e[38;2;110;114;98m██\e[38;2;104;109;93m████████\e[38;2;102;109;91m██████████\e[38;2;100;109;89m██████\e[38;2;102;113;91m██\e[38;2;82;91;74m████\e[38;2;100;114;90m██\e[38;2;96;109;86m██████████\e[38;2;94;108;84m████\e[38;2;92;107;83m████\e[38;2;90;105;82m████\e[38;2;89;104;80m██
\e[38;2;115;116;101m████████\e[38;2;112;116;100m██████\e[38;2;115;120;103m██\e[38;2;94;97;84m████\e[38;2;115;121;103m██\e[38;2;110;116;98m██████\e[38;2;107;116;96m████████\e[38;2;105;116;94m██████████\e[38;2;106;120;95m██\e[38;2;86;97;78m████\e[38;2;105;121;94m██\e[38;2;101;116;90m██████\e[38;2;99;115;89m████████\e[38;2;97;113;87m████\e[38;2;95;111;86m██████
\e[38;2;105;109;94m████████████\e[38;2;97;101;87m██\e[38;2;100;105;89m██\e[38;2;87;91;77m████\e[38;2;100;106;90m██\e[38;2;95;101;86m██\e[38;2;101;109;90m██████\e[38;2;99;109;88m████████████\e[38;2;97;109;86m██\e[38;2;91;101;81m██\e[38;2;93;105;83m██\e[38;2;80;91;72m████\e[38;2;93;106;83m██\e[38;2;88;101;79m██\e[38;2;93;109;84m████\e[38;2;91;107;83m████\e[38;2;91;105;81m██████\e[38;2;88;104;80m██████\e[38;2;83;95;75m██
\e[38;2;118;124;105m████████\e[38;2;115;124;103m████████\e[38;2;86;91;76m████\e[38;2;114;125;103m██\e[38;2;112;124;102m██████\e[38;2;110;124;99m████████████\e[38;2;108;124;97m████████\e[38;2;80;91;72m████\e[38;2;106;125;95m██\e[38;2;105;123;94m██████\e[38;2;103;121;92m████\e[38;2;102;119;91m██████\e[38;2;100;118;90m████\e[38;2;99;116;89m████
[0m