\e[38;2;170;105;139m████████████████████████████████████████████████████████████████████████████████████████████████████████████████████████████████████████████████████████████████████████████████████████████████
████████████████████████████████████████████████████████████████████████████████████████████████████████████████████████████████████████████████████████████████████████████████████████████████
████████████████████████████████████████████████████████████████████████████████████████████████████████████████████████████████████████████████████████████████████\e[38;2;180;123;153m██\e[38;2;200;157;180m████\e[38;2;189;139;165m██\e[38;2;170;105;139m████████████████████
████████████████████████████████████████████████████████████████████████████████████████████████████████████████████████████████████████████████████████████████\e[38;2;189;139;165m██\e[38;2;236;221;229m██\e[38;2;255;255;255m████████\e[38;2;245;237;241m██\e[38;2;209;173;192m██\e[38;2;170;105;139m████████████████
██████████████████████████████████████████████████████████████████████████████████████████████████████████████████████████████████████████████████████████████\e[38;2;198;155;178m██\e[38;2;255;255;255m████████████████\e[38;2;227;205;216m██\e[38;2;170;105;139m██████████████
████████████████████████████████████████████████████████████████████████████████████████████████████████████████████████████████████████████████████████████\e[38;2;189;139;165m██\e[38;2;255;255;255m████████████████████\e[38;2;216;187;202m██\e[38;2;170;105;139m████████████
██████████████████████████████████████████████\e[38;2;157;97;130m██\e[38;2;148;90;123m██\e[38;2;170;105;139m██████████████████████████████████████████████████████████████████████████████████████████████████████████\e[38;2;236;221;229m██\e[38;2;255;255;255m██████████████████████\e[38;2;180;123;153m██\e[38;2;170;105;139m██████████
████████████████████████████████████████████\e[38;2;157;97;130m██\e[38;2;68;43;69m██\e[38;2;79;45;72m██\e[38;2;159;98;131m██\e[38;2;170;105;139m██████████████████████████████████████████████████████████████████████████████████████████████████████\e[38;2;180;123;153m██\e[38;2;255;255;255m████████████████████████\e[38;2;209;173;192m██\e[38;2;170;105;139m██████████
██████████████████████████████████████████\e[38;2;141;86;118m██\e[38;2;65;42;67m██\e[38;2;63;39;64m██\e[38;2;79;45;72m██\e[38;2;97;57;85m██\e[38;2;170;105;139m██████████████████████████████████████████████████████████████████████████████████████████████████████\e[38;2;200;157;180m██\e[38;2;255;255;255m████████████████████████\e[38;2;225;202;214m██\e[38;2;170;105;139m██████████
██████████████████████████████████\e[38;2;85;53;80m██\e[38;2;100;59;87m██\e[38;2;111;66;95m██\e[38;2;79;45;72m██\e[38;2;65;40;65m██\e[38;2;46;32;55m██\e[38;2;52;35;58m██\e[38;2;79;45;72m████\e[38;2;110;68;97m██\e[38;2;77;47;73m██\e[38;2;170;105;139m██████████████████████████████████████████████████████████████████████████████████████████████████\e[38;2;200;157;180m██\e[38;2;255;255;255m████████████████████████\e[38;2;225;202;214m██\e[38;2;170;105;139m██████████
████████████████████████████████\e[38;2;146;91;123m██\e[38;2;46;32;55m██\e[38;2;54;35;59m██\e[38;2;79;45;72m██\e[38;2;76;44;70m██\e[38;2;50;34;57m██\e[38;2;46;32;55m████\e[38;2;71;42;68m██\e[38;2;79;45;72m██\e[38;2;61;38;63m██\e[38;2;75;43;70m██\e[38;2;127;77;107m██\e[38;2;170;105;139m██████████████████████████████████████████████████████████████████████\e[38;2;175;107;138m████\e[38;2;170;105;139m██████████████████████\e[38;2;189;139;165m██\e[38;2;255;255;255m████████████████████████\e[38;2;216;187;202m██\e[38;2;170;105;139m██████████
\e[38;2;166;104;138m██\e[38;2;170;105;139m██\e[38;2;167;104;138m██\e[38;2;170;105;139m████\e[38;2;166;104;138m██\e[38;2;170;105;139m████\e[38;2;166;104;138m██\e[38;2;170;105;139m██\e[38;2;167;104;138m██\e[38;2;170;105;139m██\e[38;2;141;86;118m██\e[38;2;119;71;101m██\e[38;2;159;98;131m██\e[38;2;138;85;116m██\e[38;2;46;32;55m██\e[38;2;57;36;61m██\e[38;2;61;38;62m██\e[38;2;64;39;64m██\e[38;2;46;32;55m████████\e[38;2;71;42;68m██\e[38;2;79;45;72m██\e[38;2;60;37;62m██\e[38;2;79;45;72m██\e[38;2;97;57;85m██\e[38;2;166;104;138m██\e[38;2;170;105;139m████\e[38;2;166;104;138m██\e[38;2;170;105;139m██\e[38;2;167;104;138m██\e[38;2;170;105;139m████\e[38;2;166;104;138m██\e[38;2;170;105;139m████\e[38;2;166;104;138m██\e[38;2;170;105;139m██\e[38;2;167;104;138m██\e[38;2;170;105;139m████\e[38;2;166;104;138m██\e[38;2;170;105;139m████\e[38;2;166;104;138m██\e[38;2;170;105;139m██\e[38;2;166;104;138m██\e[38;2;170;105;139m████\e[38;2;167;104;138m██\e[38;2;170;105;139m████\e[38;2;166;104;138m██\e[38;2;170;105;139m██\e[38;2;166;104;138m██\e[38;2;170;105;139m████\e[38;2;167;104;138m██\e[38;2;170;105;139m████\e[38;2;151;87;112m██\e[38;2;202;117;133m██\e[38;2;166;104;138m██\e[38;2;170;105;139m████\e[38;2;167;104;138m██\e[38;2;170;105;139m████\e[38;2;166;104;138m██\e[38;2;170;105;139m██\e[38;2;166;104;138m██\e[38;2;170;105;139m████\e[38;2;167;104;138m██\e[38;2;245;237;241m██\e[38;2;255;255;255m██████████████████████\e[38;2;186;138;164m██\e[38;2;170;105;139m████\e[38;2;167;104;138m██\e[38;2;170;105;139m████
\e[38;2;162;102;137m██\e[38;2;166;103;138m██\e[38;2;162;102;137m██\e[38;2;166;103;138m██\e[38;2;162;102;137m██\e[38;2;166;103;138m██\e[38;2;162;102;137m██\e[38;2;166;103;138m██\e[38;2;162;102;137m██\e[38;2;166;103;138m██\e[38;2;162;102;137m██\e[38;2;156;97;131m██\e[38;2;79;45;72m████████\e[38;2;75;43;70m██\e[38;2;64;39;64m██\e[38;2;46;32;55m████████\e[38;2;56;36;60m██\e[38;2;64;39;64m██\e[38;2;79;45;72m██\e[38;2;69;41;67m██\e[38;2;79;45;72m██████\e[38;2;108;67;96m██\e[38;2;122;78;108m██\e[38;2;89;57;85m██\e[38;2;115;70;101m██\e[38;2;155;96;130m██\e[38;2;162;102;137m██\e[38;2;166;103;138m██\e[38;2;162;102;137m██\e[38;2;166;103;138m██\e[38;2;162;102;137m██\e[38;2;166;103;138m██\e[38;2;162;102;137m██\e[38;2;166;103;138m██\e[38;2;162;102;137m██\e[38;2;166;103;138m██\e[38;2;162;102;137m██\e[38;2;166;103;138m██\e[38;2;162;102;137m██\e[38;2;166;103;138m██\e[38;2;162;102;137m██\e[38;2;166;103;138m██\e[38;2;161;102;137m██\e[38;2;166;104;138m██\e[38;2;161;102;137m██\e[38;2;166;104;138m██\e[38;2;161;102;137m██\e[38;2;166;104;138m██\e[38;2;161;102;137m██\e[38;2;166;104;138m██\e[38;2;161;102;137m██\e[38;2;166;104;138m██\e[38;2;161;102;137m██\e[38;2;166;104;138m██\e[38;2;161;102;137m██\e[38;2;150;92;126m██\e[38;2;114;61;91m██\e[38;2;197;112;125m██\e[38;2;166;104;136m██\e[38;2;176;107;136m██\e[38;2;161;102;137m██\e[38;2;166;104;138m██\e[38;2;161;102;137m██\e[38;2;166;104;138m██\e[38;2;161;102;137m██\e[38;2;166;104;138m██\e[38;2;161;102;137m██\e[38;2;166;104;138m██\e[38;2;161;102;137m██\e[38;2;166;104;138m██\e[38;2;204;172;191m██\e[38;2;255;255;255m████████████████████\e[38;2;236;221;229m██\e[38;2;161;102;137m██\e[38;2;166;104;138m██\e[38;2;161;102;137m██\e[38;2;166;104;138m██\e[38;2;161;102;137m██\e[38;2;166;104;138m██
\e[38;2;159;101;136m██\e[38;2;166;103;138m██\e[38;2;158;101;136m██\e[38;2;162;102;137m██\e[38;2;159;101;136m██\e[38;2;166;103;138m██\e[38;2;158;101;136m██\e[38;2;162;102;137m██\e[38;2;159;101;136m██\e[38;2;166;103;138m██\e[38;2;126;77;109m██\e[38;2;90;52;80m██\e[38;2;79;45;72m██████\e[38;2;71;42;68m██\e[38;2;64;39;65m██\e[38;2;46;32;55m██████████\e[38;2;67;40;66m██\e[38;2;79;45;72m████\e[38;2;75;43;70m██\e[38;2;79;45;72m██████\e[38;2;50;34;57m██\e[38;2;46;32;55m██\e[38;2;49;33;57m██\e[38;2;79;45;72m████\e[38;2;111;66;95m██\e[38;2;134;83;115m██\e[38;2;159;101;136m██\e[38;2;166;103;138m██\e[38;2;158;101;136m██\e[38;2;162;102;137m██\e[38;2;159;101;136m██\e[38;2;166;103;138m██\e[38;2;158;101;136m██\e[38;2;162;102;137m██\e[38;2;159;101;136m██\e[38;2;166;103;138m██\e[38;2;158;101;136m██\e[38;2;162;102;137m██\e[38;2;159;101;136m██\e[38;2;166;103;138m██\e[38;2;158;100;136m██\e[38;2;163;102;137m██\e[38;2;158;100;136m██\e[38;2;166;104;138m██\e[38;2;158;100;136m██\e[38;2;163;102;137m██\e[38;2;158;100;136m██\e[38;2;166;104;138m██\e[38;2;158;100;136m██\e[38;2;163;102;137m██\e[38;2;158;100;136m██\e[38;2;166;104;138m██\e[38;2;158;100;136m██\e[38;2;116;65;97m██\e[38;2;137;75;100m██\e[38;2;197;112;125m██\e[38;2;211;120;131m████\e[38;2;185;110;134m██\e[38;2;166;104;138m██\e[38;2;158;100;136m██\e[38;2;163;102;137m██\e[38;2;158;100;136m██\e[38;2;166;104;138m██\e[38;2;158;100;136m██\e[38;2;163;102;137m██\e[38;2;158;100;136m██\e[38;2;166;104;138m██\e[38;2;158;100;136m██\e[38;2;223;204;215m██\e[38;2;255;255;255m████████████████\e[38;2;240;235;240m██\e[38;2;177;122;152m██\e[38;2;158;100;136m██\e[38;2;163;102;137m██\e[38;2;158;100;136m██\e[38;2;166;104;138m██\e[38;2;158;100;136m██\e[38;2;163;102;137m██
\e[38;2;181;109;135m██\e[38;2;158;101;136m██\e[38;2;159;95;122m██\e[38;2;168;104;136m██\e[38;2;159;101;136m██████████\e[38;2;95;57;86m██\e[38;2;79;45;72m████████\e[38;2;68;41;66m██\e[38;2;46;32;55m██████\e[38;2;49;33;57m██\e[38;2;54;35;59m██\e[38;2;46;32;55m████\e[38;2;56;36;60m██\e[38;2;58;37;61m██\e[38;2;79;45;72m████\e[38;2;76;44;70m██\e[38;2;67;40;66m██\e[38;2;79;45;72m██\e[38;2;58;37;61m██\e[38;2;46;32;55m████\e[38;2;71;42;68m██\e[38;2;79;45;72m████\e[38;2;93;55;84m██\e[38;2;159;101;136m████████████████████████████████████████████\e[38;2;151;87;112m██\e[38;2;188;112;134m██\e[38;2;172;106;135m██\e[38;2;158;101;136m██\e[38;2;139;85;119m██\e[38;2;100;53;85m██\e[38;2;174;98;116m██\e[38;2;211;120;131m████████\e[38;2;168;104;134m██\e[38;2;159;101;136m████████████████████\e[38;2;209;184;200m██\e[38;2;255;255;255m████████████\e[38;2;236;221;229m██\e[38;2;169;119;150m██\e[38;2;158;101;136m██████████████
\e[38;2;199;113;126m██\e[38;2;130;73;101m██\e[38;2;162;91;111m██\e[38;2;207;118;132m██\e[38;2;160;101;134m██\e[38;2;155;99;135m██\e[38;2;150;98;134m██\e[38;2;155;99;135m██\e[38;2;145;93;128m██\e[38;2;76;44;70m████\e[38;2;79;45;72m██\e[38;2;73;42;69m██\e[38;2;54;35;59m██\e[38;2;50;34;57m██\e[38;2;46;32;55m████\e[38;2;52;35;58m████\e[38;2;46;32;55m██████\e[38;2;63;39;64m██\e[38;2;54;35;59m██\e[38;2;67;40;66m██\e[38;2;79;45;72m██\e[38;2;69;41;67m██\e[38;2;49;33;57m██\e[38;2;79;45;72m██\e[38;2;62;38;63m██\e[38;2;46;32;55m██\e[38;2;49;33;57m██\e[38;2;75;43;70m██\e[38;2;79;45;72m██████\e[38;2;116;73;105m██\e[38;2;155;99;135m██\e[38;2;150;98;134m██\e[38;2;155;99;135m██\e[38;2;150;98;134m██\e[38;2;155;99;135m██\e[38;2;150;98;134m██\e[38;2;155;99;135m██\e[38;2;150;98;134m██\e[38;2;155;99;135m██\e[38;2;150;98;134m██\e[38;2;155;99;135m██\e[38;2;150;98;134m██\e[38;2;155;99;135m██\e[38;2;150;97;134m██\e[38;2;155;100;135m██\e[38;2;150;97;134m██\e[38;2;155;100;135m██\e[38;2;150;97;134m██\e[38;2;155;100;135m██\e[38;2;150;97;134m██\e[38;2;147;93;129m██\e[38;2;114;61;91m██\e[38;2;211;120;131m████\e[38;2;197;112;125m██\e[38;2;100;53;85m████\e[38;2;114;61;91m██\e[38;2;211;120;131m████████\e[38;2;181;103;122m██\e[38;2;155;88;111m██\e[38;2;185;110;133m██\e[38;2;150;97;134m██\e[38;2;155;100;135m██\e[38;2;150;97;134m██\e[38;2;155;100;135m██\e[38;2;150;97;134m██\e[38;2;155;100;135m██\e[38;2;150;97;134m██\e[38;2;155;100;135m██\e[38;2;150;97;134m██\e[38;2;166;118;149m██\e[38;2;197;169;189m██\e[38;2;222;201;213m██\e[38;2;217;199;212m██\e[38;2;209;184;200m██\e[38;2;173;133;161m██\e[38;2;155;100;135m██\e[38;2;150;97;134m██\e[38;2;155;100;135m██\e[38;2;150;97;134m██\e[38;2;155;100;135m██\e[38;2;150;97;134m██\e[38;2;155;100;135m██\e[38;2;150;97;134m██\e[38;2;155;100;135m██
\e[38;2;127;69;96m██\e[38;2;123;67;95m██\e[38;2;112;60;90m██\e[38;2;211;120;131m██\e[38;2;207;118;132m██\e[38;2;174;106;132m██\e[38;2;155;99;135m██\e[38;2;123;78;112m██\e[38;2;96;61;90m██\e[38;2;50;34;57m██\e[38;2;60;37;62m██\e[38;2;73;42;69m██\e[38;2;50;34;57m██\e[38;2;46;32;55m██████\e[38;2;54;35;59m██\e[38;2;56;36;60m██\e[38;2;46;32;55m██████\e[38;2;60;37;62m██\e[38;2;73;42;69m██\e[38;2;46;32;55m██\e[38;2;71;42;68m██\e[38;2;79;45;72m██\e[38;2;65;40;65m██\e[38;2;49;33;57m██\e[38;2;71;42;68m██\e[38;2;79;45;72m██\e[38;2;49;33;57m██\e[38;2;68;41;66m██\e[38;2;79;45;72m████████\e[38;2;89;51;79m██\e[38;2;147;97;133m██\e[38;2;155;99;135m██\e[38;2;147;96;133m██\e[38;2;151;98;134m██\e[38;2;147;97;133m██\e[38;2;155;99;135m██\e[38;2;147;96;133m██\e[38;2;151;98;134m██\e[38;2;147;97;133m██\e[38;2;155;99;135m██\e[38;2;147;96;133m██\e[38;2;151;98;134m██\e[38;2;147;97;133m██\e[38;2;155;100;135m██\e[38;2;146;96;133m██\e[38;2;152;98;134m██\e[38;2;146;96;133m██\e[38;2;155;100;135m██\e[38;2;146;96;133m██\e[38;2;152;98;134m██\e[38;2;123;73;107m██\e[38;2;100;53;85m██\e[38;2;160;90;110m██\e[38;2;211;120;131m██\e[38;2;160;90;110m██\e[38;2;100;53;85m██████\e[38;2;174;98;116m██\e[38;2;211;120;131m██████\e[38;2;152;85;107m██\e[38;2;197;112;125m██\e[38;2;202;117;131m██\e[38;2;152;98;134m██\e[38;2;146;96;133m██\e[38;2;155;100;135m██\e[38;2;146;96;133m██\e[38;2;152;98;134m██\e[38;2;146;96;133m██\e[38;2;155;100;135m██\e[38;2;146;96;133m██\e[38;2;152;98;134m██\e[38;2;146;96;133m██\e[38;2;155;100;135m██\e[38;2;146;96;133m██\e[38;2;152;98;134m██\e[38;2;146;96;133m██\e[38;2;155;100;135m██\e[38;2;146;96;133m██\e[38;2;152;98;134m██\e[38;2;146;96;133m██\e[38;2;155;100;135m██\e[38;2;146;96;133m██\e[38;2;152;98;134m██\e[38;2;146;96;133m██\e[38;2;155;100;135m██\e[38;2;146;96;133m██
\e[38;2;112;60;90m██\e[38;2;114;61;91m██\e[38;2;137;75;100m██\e[38;2;133;73;99m██\e[38;2;211;120;131m████\e[38;2;109;62;85m██\e[38;2;79;45;72m██\e[38;2;50;34;57m██\e[38;2;46;32;55m██\e[38;2;67;40;66m██\e[38;2;50;34;57m██\e[38;2;46;32;55m██████\e[38;2;56;36;60m██\e[38;2;61;38;63m██\e[38;2;46;32;55m████\e[38;2;49;33;57m██\e[38;2;67;40;66m██\e[38;2;76;44;70m██\e[38;2;46;32;55m████\e[38;2;79;45;72m████\e[38;2;57;36;61m██\e[38;2;75;43;70m████\e[38;2;50;34;57m████\e[38;2;58;37;61m██\e[38;2;46;32;55m██\e[38;2;79;45;72m████████\e[38;2;116;73;104m██\e[38;2;146;96;133m██████████████████████████████████████\e[38;2;100;53;85m██\e[38;2;114;61;91m██\e[38;2;172;97;115m██\e[38;2;211;120;131m██\e[38;2;114;61;91m██\e[38;2;100;53;85m██\e[38;2;114;61;91m██\e[38;2;100;53;85m████\e[38;2;211;120;131m██████\e[38;2;197;112;125m██\e[38;2;211;120;131m████\e[38;2;197;115;132m██\e[38;2;160;101;132m██\e[38;2;146;96;133m████████████████████████████████████████████
\e[38;2;109;59;88m██\e[38;2;100;53;85m██\e[38;2;114;61;91m██\e[38;2;186;105;121m██\e[38;2;178;102;116m██\e[38;2;142;83;99m██\e[38;2;79;45;72m██\e[38;2;61;38;63m██\e[38;2;46;32;55m████\e[38;2;62;38;63m██\e[38;2;46;32;55m██████\e[38;2;61;38;63m██\e[38;2;54;35;59m██\e[38;2;46;32;55m████\e[38;2;54;35;59m██\e[38;2;67;40;66m██\e[38;2;61;38;63m██\e[38;2;65;40;65m██\e[38;2;46;32;55m██\e[38;2;60;37;62m██\e[38;2;79;45;72m██\e[38;2;76;44;70m██\e[38;2;71;42;68m██\e[38;2;79;45;72m██\e[38;2;58;37;61m██\e[38;2;46;32;55m██\e[38;2;57;36;61m██\e[38;2;54;35;59m██\e[38;2;46;32;55m████\e[38;2;71;42;68m██\e[38;2;79;45;72m████\e[38;2;85;50;78m██\e[38;2;127;83;117m██\e[38;2;84;56;85m██\e[38;2;117;74;106m██\e[38;2;139;94;131m██\e[38;2;143;95;132m██\e[38;2;139;94;131m██\e[38;2;143;95;132m██\e[38;2;139;94;131m██\e[38;2;143;95;132m██\e[38;2;139;94;131m██\e[38;2;143;95;132m██\e[38;2;139;94;131m██\e[38;2;144;95;132m██\e[38;2;139;93;131m██\e[38;2;144;95;132m██\e[38;2;139;93;131m██\e[38;2;144;95;132m██\e[38;2;139;93;131m██\e[38;2;120;72;107m██\e[38;2;100;53;85m██\e[38;2;112;60;90m██\e[38;2;174;98;116m██\e[38;2;151;83;106m██\e[38;2;100;53;85m████\e[38;2;184;104;120m██\e[38;2;151;83;106m████\e[38;2;211;120;131m████████████████\e[38;2;149;97;131m██\e[38;2;139;93;131m██\e[38;2;144;95;132m██\e[38;2;139;93;131m██\e[38;2;144;95;132m██\e[38;2;139;93;131m██\e[38;2;144;95;132m██\e[38;2;139;93;131m██\e[38;2;144;95;132m██\e[38;2;139;93;131m██\e[38;2;144;95;132m██\e[38;2;139;93;131m██\e[38;2;144;95;132m██\e[38;2;139;93;131m██\e[38;2;144;95;132m██\e[38;2;139;93;131m██\e[38;2;144;95;132m██\e[38;2;139;93;131m██\e[38;2;144;95;132m██\e[38;2;139;93;131m██\e[38;2;144;95;132m██\e[38;2;139;93;131m██
\e[38;2;81;46;73m██\e[38;2;93;50;80m██\e[38;2;135;75;99m██\e[38;2;125;71;93m██\e[38;2;69;41;67m██\e[38;2;56;36;60m██\e[38;2;69;41;67m██\e[38;2;50;34;57m██\e[38;2;46;32;55m██\e[38;2;52;35;58m████\e[38;2;46;32;55m████\e[38;2;56;36;60m██\e[38;2;50;34;57m██\e[38;2;46;32;55m████\e[38;2;49;33;57m██\e[38;2;60;38;62m██\e[38;2;46;32;55m██\e[38;2;65;40;65m██\e[38;2;49;33;57m██\e[38;2;61;38;62m██\e[38;2;79;45;72m████\e[38;2;76;44;70m██\e[38;2;79;45;72m████\e[38;2;62;38;63m██\e[38;2;50;34;57m████\e[38;2;46;32;55m██\e[38;2;54;35;59m██\e[38;2;46;32;55m██\e[38;2;56;36;60m██\e[38;2;79;45;72m████\e[38;2;73;42;69m██\e[38;2;58;37;61m██\e[38;2;46;32;55m██\e[38;2;79;45;72m██\e[38;2;132;88;124m██\e[38;2;138;93;131m██\e[38;2;135;92;130m██\e[38;2;139;93;131m██████\e[38;2;135;92;130m██\e[38;2;139;93;131m████\e[38;2;134;89;125m██\e[38;2;176;107;131m██\e[38;2;148;97;131m██\e[38;2;138;93;131m████\e[38;2;119;74;110m██\e[38;2;100;53;85m████\e[38;2;114;61;91m██\e[38;2;151;83;106m██\e[38;2;100;53;85m████\e[38;2;114;61;91m██\e[38;2;139;76;101m██\e[38;2;211;120;131m████████████\e[38;2;197;112;125m██\e[38;2;211;120;131m██████\e[38;2;197;115;132m██\e[38;2;135;92;130m██\e[38;2;139;93;131m██████\e[38;2;135;92;130m██\e[38;2;139;93;131m██████\e[38;2;135;92;130m██\e[38;2;139;93;131m██████\e[38;2;135;92;130m██\e[38;2;139;93;131m██████\e[38;2;135;92;130m██\e[38;2;139;93;131m██████\e[38;2;135;92;130m██
\e[38;2;79;45;72m████████\e[38;2;54;35;59m██\e[38;2;67;40;66m██\e[38;2;54;35;59m██\e[38;2;46;32;55m████\e[38;2;53;35;59m██\e[38;2;46;32;55m██\e[38;2;49;33;57m████\e[38;2;46;32;55m██████\e[38;2;53;35;59m██\e[38;2;46;32;55m████\e[38;2;53;35;59m██\e[38;2;49;33;57m████\e[38;2;79;45;72m████████████\e[38;2;76;44;70m██\e[38;2;54;35;59m██\e[38;2;46;32;55m████\e[38;2;54;35;59m██\e[38;2;46;32;55m██\e[38;2;50;34;57m██\e[38;2;79;45;72m████\e[38;2;54;35;59m██████\e[38;2;79;45;72m██\e[38;2;115;76;110m██\e[38;2;139;94;131m██████\e[38;2;135;92;130m██\e[38;2;139;94;131m██████\e[38;2;135;92;130m██\e[38;2;120;72;107m██\e[38;2;174;98;116m██\e[38;2;211;120;131m██\e[38;2;176;107;131m██\e[38;2;116;68;101m██\e[38;2;100;53;85m████\e[38;2;112;60;90m██\e[38;2;123;67;95m██\e[38;2;100;53;85m██████\e[38;2;125;68;95m██\e[38;2;114;61;91m██\e[38;2;197;112;125m██\e[38;2;211;120;131m██████████\e[38;2;186;105;121m██\e[38;2;151;83;106m██\e[38;2;211;120;131m██████\e[38;2;207;118;132m██\e[38;2;198;115;132m██\e[38;2;152;98;130m██\e[38;2;139;94;131m██████\e[38;2;135;92;130m██\e[38;2;145;88;117m██\e[38;2;173;106;131m██\e[38;2;166;103;131m██\e[38;2;135;92;130m██\e[38;2;139;94;131m██████\e[38;2;135;92;130m██\e[38;2;139;94;131m██████\e[38;2;135;92;130m██\e[38;2;139;94;131m████
\e[38;2;79;45;72m████\e[38;2;73;42;69m██\e[38;2;57;36;61m██\e[38;2;52;35;58m██\e[38;2;58;37;61m██\e[38;2;46;32;55m██████\e[38;2;71;42;68m██\e[38;2;61;38;62m██\e[38;2;58;37;61m██\e[38;2;46;32;55m████████\e[38;2;54;35;59m██\e[38;2;46;32;55m████\e[38;2;54;35;59m██\e[38;2;63;39;64m██\e[38;2;75;43;70m██\e[38;2;79;45;72m██████████████\e[38;2;67;40;66m██\e[38;2;54;35;59m██\e[38;2;49;33;57m██\e[38;2;56;36;60m██\e[38;2;46;32;55m██\e[38;2;64;39;64m██\e[38;2;75;43;70m██\e[38;2;73;42;69m██\e[38;2;49;33;57m██\e[38;2;46;32;55m██\e[38;2;56;36;60m██\e[38;2;79;45;72m██\e[38;2;104;62;90m██\e[38;2;144;95;130m██\e[38;2;135;92;130m████████████\e[38;2;143;95;130m██\e[38;2;114;61;91m██\e[38;2;112;60;90m██\e[38;2;197;112;125m██\e[38;2;211;120;131m██\e[38;2;174;98;116m██\e[38;2;100;53;85m████████████\e[38;2;114;61;91m██\e[38;2;147;81;104m██\e[38;2;100;53;85m██\e[38;2;172;97;115m██\e[38;2;211;120;131m████████\e[38;2;199;113;126m██\e[38;2;211;120;131m██\e[38;2;114;61;91m██\e[38;2;186;105;121m██\e[38;2;211;120;131m██████████\e[38;2;170;105;130m██\e[38;2;144;95;130m██\e[38;2;135;92;130m██\e[38;2;123;79;115m██\e[38;2;114;61;91m██\e[38;2;211;120;131m████\e[38;2;202;117;131m██\e[38;2;133;82;115m██\e[38;2;188;108;125m██\e[38;2;152;98;130m██\e[38;2;135;92;130m██████████████
\e[38;2;76;44;70m██\e[38;2;64;39;64m██\e[38;2;50;34;57m████\e[38;2;54;35;59m██\e[38;2;46;32;55m██████\e[38;2;56;36;60m██\e[38;2;79;45;72m██\e[38;2;50;34;57m██\e[38;2;46;32;55m████████\e[38;2;56;36;60m██\e[38;2;50;34;57m██\e[38;2;46;32;55m██████\e[38;2;71;42;68m██\e[38;2;79;45;72m████████████\e[38;2;76;44;70m██\e[38;2;46;32;55m██████\e[38;2;49;33;57m██\e[38;2;46;32;55m██\e[38;2;58;37;61m████\e[38;2;79;45;72m██\e[38;2;62;38;63m██\e[38;2;54;35;59m██\e[38;2;46;32;55m██\e[38;2;71;42;68m██\e[38;2;54;35;59m██\e[38;2;67;40;66m██\e[38;2;195;111;124m██\e[38;2;162;102;130m██\e[38;2;135;92;130m████████\e[38;2;138;90;125m██\e[38;2;211;120;131m██\e[38;2;172;97;115m██\e[38;2;100;53;85m██\e[38;2;137;75;100m██\e[38;2;164;92;112m██\e[38;2;211;120;131m██\e[38;2;174;98;116m██\e[38;2;100;53;85m████████\e[38;2;112;60;90m██\e[38;2;137;75;100m██\e[38;2;139;76;101m██\e[38;2;100;53;85m██\e[38;2;139;76;101m██\e[38;2;211;120;131m████████\e[38;2;174;98;116m██\e[38;2;137;75;100m████\e[38;2;114;61;91m██\e[38;2;139;76;101m██\e[38;2;211;120;131m████████████\e[38;2;170;105;130m██\e[38;2;100;53;85m████\e[38;2;152;85;107m██\e[38;2;211;120;131m████\e[38;2;139;76;101m██\e[38;2;114;61;91m██\e[38;2;211;120;131m██\e[38;2;176;107;131m██\e[38;2;162;102;130m████\e[38;2;135;92;130m████████
\e[38;2;46;32;55m██\e[38;2;54;35;59m██\e[38;2;46;32;55m██████████\e[38;2;49;33;57m██\e[38;2;57;36;61m██\e[38;2;50;34;57m██\e[38;2;46;32;55m████████\e[38;2;49;33;57m██\e[38;2;69;41;67m██\e[38;2;46;32;55m████████\e[38;2;79;45;72m██████████████\e[38;2;62;38;63m██\e[38;2;46;32;55m██████\e[38;2;54;35;59m██\e[38;2;46;32;55m██\e[38;2;50;34;57m██\e[38;2;52;35;58m██\e[38;2;79;45;72m██\e[38;2;54;35;59m██████\e[38;2;73;42;69m██\e[38;2;46;32;55m██\e[38;2;67;40;66m██\e[38;2;109;62;85m██\e[38;2;137;78;98m██\e[38;2;194;114;131m██\e[38;2;154;99;130m██\e[38;2;135;92;130m██\e[38;2;131;88;125m██\e[38;2;104;58;91m██\e[38;2;160;90;110m██\e[38;2;211;120;131m██\e[38;2;137;75;100m██\e[38;2;114;61;91m██\e[38;2;211;120;131m██████\e[38;2;174;98;116m██\e[38;2;100;53;85m████████\e[38;2;125;68;95m██\e[38;2;100;53;85m████\e[38;2;151;83;106m██\e[38;2;211;120;131m████\e[38;2;199;113;126m██\e[38;2;211;120;131m██\e[38;2;172;97;115m██\e[38;2;100;53;85m██\e[38;2;112;60;90m██\e[38;2;114;61;91m██\e[38;2;100;53;85m████\e[38;2;160;90;110m██\e[38;2;211;120;131m██████████\e[38;2;184;104;120m██\e[38;2;100;53;85m██\e[38;2;114;61;91m██\e[38;2;147;81;104m██\e[38;2;197;112;125m██████\e[38;2;199;113;126m██\e[38;2;174;98;116m██\e[38;2;211;120;131m████\e[38;2;194;114;131m██\e[38;2;152;98;130m██\e[38;2;163;99;125m██\e[38;2;160;90;110m██
\e[38;2;46;32;55m██\e[38;2;54;35;59m██\e[38;2;46;32;55m████████████████\e[38;2;54;35;59m██\e[38;2;46;32;55m████\e[38;2;57;36;61m████\e[38;2;62;38;63m██\e[38;2;46;32;55m████\e[38;2;56;36;60m██\e[38;2;60;37;62m██\e[38;2;79;45;72m████████████\e[38;2;75;43;70m██\e[38;2;62;38;63m██\e[38;2;76;44;70m██\e[38;2;46;32;55m██\e[38;2;63;39;64m██\e[38;2;46;32;55m████\e[38;2;49;33;57m██\e[38;2;67;40;66m██\e[38;2;64;39;64m██\e[38;2;46;32;55m████\e[38;2;67;40;66m██\e[38;2;50;34;57m██\e[38;2;46;32;55m██\e[38;2;67;40;66m██\e[38;2;79;45;72m████\e[38;2;135;77;97m██\e[38;2;211;120;131m██\e[38;2;176;99;116m██\e[38;2;114;61;91m██\e[38;2;112;60;90m██\e[38;2;197;112;125m██\e[38;2;211;120;131m██\e[38;2;197;112;125m██\e[38;2;137;75;100m████\e[38;2;188;106;121m██\e[38;2;174;98;116m██\e[38;2;211;120;131m██\e[38;2;174;98;116m██\e[38;2;100;53;85m██████\e[38;2;125;68;95m██\e[38;2;100;53;85m██\e[38;2;151;83;106m██\e[38;2;211;120;131m██████\e[38;2;114;61;91m██\e[38;2;137;75;100m██\e[38;2;172;97;115m██\e[38;2;100;53;85m████\e[38;2;125;68;95m██\e[38;2;100;53;85m██████\e[38;2;149;82;105m██\e[38;2;211;120;131m██████████\e[38;2;137;75;100m██\e[38;2;100;53;85m██████\e[38;2;162;91;111m██\e[38;2;186;105;121m██\e[38;2;174;98;116m██\e[38;2;114;61;91m██\e[38;2;125;68;95m██\e[38;2;174;98;116m██\e[38;2;211;120;131m████\e[38;2;166;94;111m██\e[38;2;107;64;84m██
\e[38;2;61;38;63m██\e[38;2;46;32;55m████\e[38;2;49;33;57m██\e[38;2;54;35;59m████\e[38;2;60;37;62m██\e[38;2;50;34;57m██\e[38;2;46;32;55m██\e[38;2;49;33;57m██\e[38;2;58;37;61m██\e[38;2;46;32;55m██\e[38;2;49;33;57m██\e[38;2;46;32;55m████\e[38;2;50;34;57m██\e[38;2;46;32;55m██\e[38;2;49;33;57m██\e[38;2;79;45;72m██\e[38;2;75;43;70m██\e[38;2;79;45;72m████████████\e[38;2;67;40;66m██\e[38;2;79;45;72m██\e[38;2;69;41;67m██\e[38;2;46;32;55m██\e[38;2;71;42;68m██\e[38;2;50;34;57m██\e[38;2;46;32;55m██\e[38;2;57;36;61m██\e[38;2;73;42;69m██\e[38;2;46;32;55m██████\e[38;2;58;37;61m██\e[38;2;46;32;55m████\e[38;2;75;43;70m██\e[38;2;79;45;72m████\e[38;2;81;46;73m██\e[38;2;183;104;119m██\e[38;2;162;91;111m██\e[38;2;114;61;91m██\e[38;2;122;66;94m██\e[38;2;211;120;131m██\e[38;2;197;112;125m██\e[38;2;112;60;90m██\e[38;2;123;67;95m██\e[38;2;112;60;90m██\e[38;2;125;68;95m████\e[38;2;186;105;121m██\e[38;2;211;120;131m██\e[38;2;160;90;110m██\e[38;2;100;53;85m████████\e[38;2;172;97;115m██\e[38;2;211;120;131m██████\e[38;2;174;98;116m██\e[38;2;100;53;85m██\e[38;2;114;61;91m██\e[38;2;139;76;101m██\e[38;2;100;53;85m██████████\e[38;2;186;105;121m██\e[38;2;197;112;125m████\e[38;2;211;120;131m████████\e[38;2;186;105;121m██\e[38;2;125;68;95m████\e[38;2;114;61;91m██\e[38;2;123;67;95m██\e[38;2;114;61;91m██\e[38;2;172;97;115m██\e[38;2;114;61;91m██\e[38;2;100;53;85m██\e[38;2;112;60;90m██\e[38;2;114;61;91m██\e[38;2;46;32;55m████
██████\e[38;2;50;34;57m██\e[38;2;46;32;55m████\e[38;2;58;37;61m██\e[38;2;46;32;55m████████████\e[38;2;50;34;57m██\e[38;2;54;35;59m██\e[38;2;46;32;55m████\e[38;2;71;42;68m██\e[38;2;79;45;72m████████████████\e[38;2;64;39;64m██\e[38;2;79;45;72m██\e[38;2;62;38;63m██\e[38;2;46;32;55m██\e[38;2;79;45;72m██\e[38;2;69;41;67m██\e[38;2;61;38;63m██\e[38;2;67;40;66m██\e[38;2;58;37;61m██\e[38;2;46;32;55m████\e[38;2;49;33;57m██\e[38;2;46;32;55m████\e[38;2;58;37;61m██\e[38;2;79;45;72m████████\e[38;2;135;77;97m██\e[38;2;127;69;96m██\e[38;2;112;60;90m██\e[38;2;211;120;131m██\e[38;2;151;83;106m██\e[38;2;100;53;85m████████████\e[38;2;162;91;111m██\e[38;2;211;120;131m████\e[38;2;174;98;116m██\e[38;2;114;61;91m██\e[38;2;100;53;85m██\e[38;2;114;61;91m██\e[38;2;160;90;110m██\e[38;2;151;83;106m██\e[38;2;211;120;131m██\e[38;2;162;91;111m██\e[38;2;139;76;101m██\e[38;2;125;68;95m██\e[38;2;100;53;85m██\e[38;2;112;60;90m██\e[38;2;100;53;85m██\e[38;2;125;68;95m██\e[38;2;159;88;109m██\e[38;2;197;112;125m██\e[38;2;137;75;100m██\e[38;2;100;53;85m████\e[38;2;151;83;106m██\e[38;2;211;120;131m████████████\e[38;2;137;75;100m██\e[38;2;100;53;85m████████\e[38;2;123;67;95m████\e[38;2;100;53;85m██\e[38;2;64;39;65m██\e[38;2;46;32;55m████
████\e[38;2;54;35;59m██\e[38;2;46;32;55m██\e[38;2;49;33;57m██\e[38;2;54;35;59m██\e[38;2;46;32;55m██\e[38;2;49;33;57m████\e[38;2;46;32;55m██████\e[38;2;50;34;57m████\e[38;2;46;32;55m██\e[38;2;52;35;58m██\e[38;2;76;44;70m██\e[38;2;79;45;72m██████████████████\e[38;2;62;38;63m██\e[38;2;79;45;72m██\e[38;2;69;41;67m██\e[38;2;56;36;60m██\e[38;2;79;45;72m████\e[38;2;65;40;65m██\e[38;2;46;32;55m████████████\e[38;2;54;35;59m██\e[38;2;76;44;70m██\e[38;2;79;45;72m████\e[38;2;71;42;68m██\e[38;2;79;45;72m██\e[38;2;81;46;73m██\e[38;2;95;51;82m██\e[38;2;159;88;109m██\e[38;2;197;112;125m██\e[38;2;100;53;85m██████████\e[38;2;135;74;100m██\e[38;2;160;90;110m██\e[38;2;197;112;125m██\e[38;2;211;120;131m██\e[38;2;186;105;121m██\e[38;2;211;120;131m██\e[38;2;197;112;125m██\e[38;2;139;76;101m██\e[38;2;147;81;104m██\e[38;2;100;53;85m████\e[38;2;125;68;95m██\e[38;2;197;112;125m██\e[38;2;100;53;85m████\e[38;2;124;67;95m██\e[38;2;100;53;85m████\e[38;2;114;61;91m██\e[38;2;184;104;120m██\e[38;2;114;61;91m████\e[38;2;125;68;95m██\e[38;2;159;88;109m██\e[38;2;197;112;125m██\e[38;2;211;120;131m██\e[38;2;197;112;125m████\e[38;2;211;120;131m██\e[38;2;139;76;101m██\e[38;2;174;98;116m██\e[38;2;197;112;125m██\e[38;2;137;75;100m██\e[38;2;100;53;85m████████\e[38;2;114;61;91m██\e[38;2;75;43;71m██\e[38;2;46;32;55m██████
██\e[38;2;50;34;57m██\e[38;2;46;32;55m████████\e[38;2;54;35;59m██\e[38;2;60;38;62m██\e[38;2;46;32;55m████████\e[38;2;50;34;57m██\e[38;2;46;32;55m██\e[38;2;71;42;68m██\e[38;2;75;43;70m██\e[38;2;79;45;72m████████████████████\e[38;2;65;40;65m████\e[38;2;79;45;72m██\e[38;2;67;40;66m██\e[38;2;79;45;72m████\e[38;2;73;42;69m██\e[38;2;46;32;55m██████████\e[38;2;49;33;57m██\e[38;2;61;38;63m██\e[38;2;79;45;72m██\e[38;2;67;40;66m██\e[38;2;56;36;60m██\e[38;2;54;35;59m██\e[38;2;50;34;57m██\e[38;2;56;36;60m██\e[38;2;79;45;72m██\e[38;2;153;87;106m██\e[38;2;114;61;91m██\e[38;2;100;53;85m██████████\e[38;2;160;90;110m██\e[38;2;186;105;121m██\e[38;2;172;97;115m██\e[38;2;184;104;120m██\e[38;2;114;61;91m████\e[38;2;151;83;106m██\e[38;2;197;112;125m██\e[38;2;151;83;106m██\e[38;2;100;53;85m██████\e[38;2;125;68;95m████\e[38;2;100;53;85m██████\e[38;2;114;61;91m██\e[38;2;135;74;100m██\e[38;2;100;53;85m██████\e[38;2;139;76;101m██████\e[38;2;114;61;91m██\e[38;2;100;53;85m██\e[38;2;114;61;91m██\e[38;2;174;98;116m████\e[38;2;100;53;85m██\e[38;2;114;61;91m██\e[38;2;160;90;110m██\e[38;2;186;105;121m██\e[38;2;125;68;95m██\e[38;2;100;53;85m██\e[38;2;87;48;77m██\e[38;2;93;50;81m██\e[38;2;53;35;59m██\e[38;2;46;32;55m██████
████\e[38;2;49;31;48m██\e[38;2;46;32;55m██████\e[38;2;62;38;63m██\e[38;2;46;32;55m██████████\e[38;2;49;33;57m██\e[38;2;67;40;66m██\e[38;2;79;45;72m████████████████████████\e[38;2;50;34;57m██\e[38;2;60;37;62m██\e[38;2;79;45;72m██████████\e[38;2;65;40;65m██\e[38;2;58;33;53m██\e[38;2;46;32;55m██████\e[38;2;67;40;66m██\e[38;2;61;38;63m██\e[38;2;46;32;55m██████\e[38;2;65;39;65m██\e[38;2;46;32;55m████\e[38;2;49;33;57m██\e[38;2;61;38;63m██\e[38;2;82;46;74m██\e[38;2;94;51;81m██\e[38;2;100;53;85m████\e[38;2;139;76;101m██\e[38;2;127;69;96m██\e[38;2;114;61;91m██\e[38;2;100;53;85m██████\e[38;2;125;68;95m██\e[38;2;152;85;107m██\e[38;2;110;59;89m██\e[38;2;112;60;90m██\e[38;2;114;61;91m██\e[38;2;151;83;106m██\e[38;2;100;53;85m██████\e[38;2;114;61;91m██\e[38;2;100;53;85m████\e[38;2;112;60;90m██\e[38;2;114;61;91m██\e[38;2;100;53;85m██████████████████████\e[38;2;114;61;91m██\e[38;2;152;85;107m██\e[38;2;139;76;101m██\e[38;2;135;74;100m██\e[38;2;100;53;85m██\e[38;2;139;76;101m██\e[38;2;120;66;93m██\e[38;2;67;40;66m██\e[38;2;46;32;55m██████████
\e[38;2;50;31;44m██\e[38;2;38;24;40m██\e[38;2;40;22;30m██\e[38;2;46;32;55m████\e[38;2;49;33;57m████\e[38;2;44;26;37m██\e[38;2;46;32;55m██████\e[38;2;56;36;60m██\e[38;2;79;45;72m██████████████████\e[38;2;67;36;48m██\e[38;2;79;45;72m██████\e[38;2;73;42;69m██\e[38;2;61;38;63m██\e[38;2;46;32;55m██\e[38;2;79;45;72m████████████\e[38;2;51;26;33m██\e[38;2;65;40;65m██\e[38;2;60;37;62m████\e[38;2;66;40;65m██\e[38;2;46;32;55m██████████\e[38;2;50;34;57m██\e[38;2;46;32;55m████████\e[38;2;54;35;59m██\e[38;2;78;44;72m██\e[38;2;100;53;85m████████\e[38;2;96;51;82m██\e[38;2;89;49;78m████\e[38;2;100;53;85m████████████\e[38;2;126;68;95m████\e[38;2;100;53;85m██████\e[38;2;114;61;91m██\e[38;2;112;60;90m██\e[38;2;100;53;85m████████████████████████████████████\e[38;2;89;49;78m██\e[38;2;71;42;68m██\e[38;2;46;32;55m██████████
\e[38;2;31;15;17m██\e[38;2;36;22;34m██\e[38;2;33;16;18m██\e[38;2;47;32;55m████\e[38;2;58;36;61m██\e[38;2;47;32;55m██\e[38;2;36;17;16m██\e[38;2;47;32;55m████\e[38;2;50;33;57m██\e[38;2;76;43;70m██\e[38;2;80;45;72m██████\e[38;2;67;36;48m██\e[38;2;80;45;72m██████████\e[38;2;38;17;13m██\e[38;2;74;41;65m██\e[38;2;80;45;72m████\e[38;2;68;40;66m██\e[38;2;70;41;67m██\e[38;2;47;32;55m██\e[38;2;61;37;62m████\e[38;2;80;45;72m██████\e[38;2;74;41;65m██\e[38;2;39;18;13m██\e[38;2;74;41;65m██\e[38;2;76;43;70m██\e[38;2;56;35;56m██\e[38;2;58;36;61m██\e[38;2;47;32;55m██████████\e[38;2;62;38;63m██\e[38;2;47;32;55m██████████\e[38;2;58;37;61m██\e[38;2;89;48;78m████\e[38;2;80;45;72m██\e[38;2;74;42;69m██\e[38;2;80;45;72m██████\e[38;2;83;46;74m██\e[38;2;92;50;80m██\e[38;2;101;53;85m████████████████████████████████████\e[38;2;126;68;95m████\e[38;2;140;76;101m██\e[38;2;160;88;109m██\e[38;2;134;73;99m██\e[38;2;101;53;85m████████████\e[38;2;83;46;74m██\e[38;2;80;45;72m██\e[38;2;47;32;55m██████████
\e[38;2;44;23;24m██\e[38;2;24;10;10m██\e[38;2;42;19;15m██\e[38;2;45;29;45m██\e[38;2;58;36;60m██\e[38;2;52;33;54m██\e[38;2;45;30;50m██\e[38;2;32;14;10m██\e[38;2;44;29;49m██\e[38;2;50;33;57m██\e[38;2;73;42;68m██\e[38;2;81;45;72m████████\e[38;2;37;17;12m██\e[38;2;79;43;67m██\e[38;2;81;45;72m██\e[38;2;76;42;66m████\e[38;2;69;38;59m██\e[38;2;33;14;10m██\e[38;2;75;42;65m██\e[38;2;69;38;59m██\e[38;2;73;42;68m██\e[38;2;81;45;72m██\e[38;2;62;38;63m██\e[38;2;47;32;55m████\e[38;2;53;26;28m██\e[38;2;81;45;72m████\e[38;2;72;39;59m██\e[38;2;49;25;36m██\e[38;2;29;12;8m██\e[38;2;65;35;51m██\e[38;2;69;38;59m██\e[38;2;60;32;44m██\e[38;2;74;42;68m██\e[38;2;54;35;58m██\e[38;2;51;33;57m██\e[38;2;47;32;55m████\e[38;2;54;35;59m████\e[38;2;59;37;61m██\e[38;2;51;33;57m██\e[38;2;47;32;55m████\e[38;2;51;34;57m██\e[38;2;47;32;55m██\e[38;2;79;44;72m████\e[38;2;77;43;70m██\e[38;2;81;45;72m████████████\e[38;2;88;48;77m██\e[38;2;100;52;84m██\e[38;2;103;53;85m████████████████\e[38;2;98;51;82m██\e[38;2;100;52;84m██\e[38;2;103;53;85m██████████████\e[38;2;114;60;90m██\e[38;2;149;81;104m██\e[38;2;177;99;116m██\e[38;2;179;100;117m██\e[38;2;166;92;112m██\e[38;2;127;68;95m██\e[38;2;135;73;99m██\e[38;2;96;50;81m██\e[38;2;93;50;80m██\e[38;2;82;45;73m██████\e[38;2;55;35;59m██\e[38;2;47;32;55m████████
\e[38;2;31;13;9m██\e[38;2;25;9;6m██\e[38;2;27;11;7m██\e[38;2;63;37;59m██\e[38;2;52;34;57m██\e[38;2;41;23;30m██\e[38;2;24;10;10m██\e[38;2;25;9;6m██\e[38;2;52;28;35m██\e[38;2;55;29;37m██\e[38;2;82;45;72m██████\e[38;2;79;43;67m██\e[38;2;70;38;59m██\e[38;2;36;16;11m██\e[38;2;79;43;67m██\e[38;2;82;45;72m██\e[38;2;36;16;21m██\e[38;2;57;29;35m██\e[38;2;49;24;35m██\e[38;2;25;9;6m██\e[38;2;68;36;43m████\e[38;2;54;28;41m██\e[38;2;82;45;72m██\e[38;2;59;36;61m██\e[38;2;45;29;50m██\e[38;2;43;27;45m██\e[38;2;44;22;23m██\e[38;2;56;35;59m██\e[38;2;57;31;48m██\e[38;2;58;30;35m██\e[38;2;57;30;44m██\e[38;2;33;14;10m██\e[38;2;52;26;31m██\e[38;2;64;34;52m██\e[38;2;52;26;31m██\e[38;2;82;45;72m██\e[38;2;71;41;66m██\e[38;2;74;42;68m██\e[38;2;48;32;55m████\e[38;2;56;35;59m██\e[38;2;48;32;55m████\e[38;2;56;35;59m██\e[38;2;48;32;55m██\e[38;2;55;35;59m██\e[38;2;51;33;57m██\e[38;2;68;40;65m██\e[38;2;72;41;67m██\e[38;2;82;45;72m██████████\e[38;2;78;44;70m██\e[38;2;67;39;65m██\e[38;2;82;45;72m████\e[38;2;85;46;74m██\e[38;2;97;50;81m██\e[38;2;88;47;76m██\e[38;2;94;50;80m██\e[38;2;104;53;85m████\e[38;2;86;46;75m██████\e[38;2;60;37;61m██\e[38;2;82;45;72m██\e[38;2;92;49;78m██\e[38;2;104;53;85m████████\e[38;2;98;51;82m██\e[38;2;99;57;80m██\e[38;2;90;48;77m██\e[38;2;104;53;85m████████████\e[38;2;87;47;75m██\e[38;2;82;45;72m██\e[38;2;52;34;57m██\e[38;2;70;40;66m██\e[38;2;82;45;72m██\e[38;2;60;37;61m██\e[38;2;48;32;55m████████
\e[38;2;32;14;10m██\e[38;2;27;11;7m██\e[38;2;32;13;9m██\e[38;2;44;27;41m██\e[38;2;46;30;50m██\e[38;2;28;11;8m██\e[38;2;28;13;16m██\e[38;2;28;11;7m██\e[38;2;70;37;52m██\e[38;2;32;14;13m██\e[38;2;83;45;72m██\e[38;2;66;34;51m██\e[38;2;83;45;72m██\e[38;2;49;24;30m██\e[38;2;49;24;35m██\e[38;2;25;9;6m██\e[38;2;55;28;36m██\e[38;2;71;38;59m██\e[38;2;21;7;4m██\e[38;2;25;10;6m██\e[38;2;29;12;12m██\e[38;2;28;11;8m██\e[38;2;67;35;46m██\e[38;2;44;21;29m██\e[38;2;49;24;35m██\e[38;2;80;44;70m██\e[38;2;62;33;49m██\e[38;2;36;21;32m██\e[38;2;33;18;27m██\e[38;2;28;11;8m██\e[38;2;42;26;43m██\e[38;2;37;22;34m██\e[38;2;36;16;12m██\e[38;2;29;12;12m██\e[38;2;25;9;6m██\e[38;2;55;28;37m██\e[38;2;36;16;21m██\e[38;2;43;20;19m██\e[38;2;73;39;58m██\e[38;2;78;42;62m██\e[38;2;83;45;72m██\e[38;2;76;42;68m██\e[38;2;48;32;55m██\e[38;2;57;35;59m██\e[38;2;48;32;55m████\e[38;2;52;33;57m██\e[38;2;48;32;55m████\e[38;2;53;34;57m██\e[38;2;59;36;60m██\e[38;2;79;43;70m████\e[38;2;77;41;61m██\e[38;2;83;45;72m██████\e[38;2;71;40;66m██\e[38;2;48;32;55m██\e[38;2;65;38;63m██\e[38;2;83;45;72m██████\e[38;2;49;30;47m██\e[38;2;79;43;70m████\e[38;2;55;35;59m██\e[38;2;79;43;70m██\e[38;2;76;42;69m██\e[38;2;48;32;55m████\e[38;2;80;44;70m██\e[38;2;83;45;72m██\e[38;2;88;47;75m██\e[38;2;101;51;82m██\e[38;2;105;53;85m██\e[38;2;81;44;72m██\e[38;2;66;39;64m██\e[38;2;63;37;62m██\e[38;2;83;45;72m██\e[38;2;100;51;82m██\e[38;2;105;53;85m██████\e[38;2;94;49;78m██\e[38;2;91;48;77m██\e[38;2;83;45;72m██\e[38;2;80;44;70m██\e[38;2;67;39;64m██\e[38;2;61;37;61m██\e[38;2;83;45;72m██\e[38;2;57;35;59m██\e[38;2;48;32;55m████████
\e[38;2;31;13;9m████\e[38;2;29;12;8m██\e[38;2;47;26;37m██\e[38;2;55;28;42m██\e[38;2;34;15;11m██\e[38;2;31;13;9m██\e[38;2;28;11;7m██\e[38;2;54;27;29m██\e[38;2;34;15;11m██\e[38;2;85;45;72m██\e[38;2;41;19;21m██\e[38;2;72;38;59m██\e[38;2;31;13;9m██\e[38;2;33;14;14m██\e[38;2;27;11;7m██\e[38;2;50;25;27m██\e[38;2;64;33;50m██\e[38;2;21;7;4m██\e[38;2;31;13;9m██\e[38;2;39;18;18m██\e[38;2;28;11;7m██\e[38;2;60;30;31m██\e[38;2;29;12;12m██\e[38;2;30;13;15m██\e[38;2;80;43;70m██\e[38;2;44;21;23m██\e[38;2;30;13;15m██\e[38;2;24;10;10m██\e[38;2;38;17;13m██\e[38;2;47;28;41m██\e[38;2;24;10;10m██\e[38;2;40;18;13m██\e[38;2;29;12;8m████\e[38;2;41;19;21m██\e[38;2;29;12;12m██\e[38;2;34;15;11m██\e[38;2;78;41;65m██\e[38;2;53;26;33m██\e[38;2;78;41;65m██\e[38;2;85;45;72m██\e[38;2;72;40;66m██\e[38;2;53;33;57m██\e[38;2;49;32;55m████\e[38;2;52;33;57m██\e[38;2;47;29;47m██\e[38;2;49;32;55m██\e[38;2;72;40;66m██\e[38;2;78;42;69m██\e[38;2;66;38;63m██\e[38;2;60;36;60m██\e[38;2;38;20;26m██\e[38;2;67;36;55m██\e[38;2;85;45;72m██\e[38;2;81;44;70m██\e[38;2;61;37;61m██\e[38;2;49;32;55m██\e[38;2;57;35;59m██\e[38;2;53;34;57m██\e[38;2;58;29;39m██\e[38;2;85;45;72m██\e[38;2;55;27;34m██\e[38;2;70;36;57m████\e[38;2;50;29;42m██\e[38;2;70;36;57m██\e[38;2;55;33;54m██\e[38;2;54;31;45m██\e[38;2;57;35;59m██\e[38;2;72;40;66m██\e[38;2;85;45;72m██████\e[38;2;49;32;55m██\e[38;2;57;35;59m██\e[38;2;65;38;62m██\e[38;2;85;45;72m████\e[38;2;87;46;74m██\e[38;2;102;51;82m██\e[38;2;98;48;76m██\e[38;2;45;25;40m██\e[38;2;85;45;72m██████\e[38;2;65;38;63m██\e[38;2;72;40;66m██\e[38;2;49;32;55m██\e[38;2;62;37;61m██\e[38;2;49;32;55m██████████
\e[38;2;23;8;5m██\e[38;2;30;12;9m██\e[38;2;21;7;4m██\e[38;2;49;24;30m██\e[38;2;28;11;11m██\e[38;2;24;9;5m██████\e[38;2;37;17;12m██\e[38;2;24;9;6m██\e[38;2;74;39;58m██\e[38;2;30;13;9m██\e[38;2;59;30;44m██\e[38;2;30;13;9m██\e[38;2;38;17;17m██\e[38;2;27;11;7m██\e[38;2;45;21;16m██\e[38;2;29;12;12m██\e[38;2;21;7;4m██\e[38;2;24;9;5m██\e[38;2;31;13;9m██\e[38;2;24;9;6m██\e[38;2;45;21;16m██\e[38;2;21;7;4m████\e[38;2;72;37;58m██\e[38;2;30;12;9m██\e[38;2;35;15;15m██\e[38;2;29;12;12m████\e[38;2;42;21;22m██\e[38;2;25;10;10m██\e[38;2;34;15;11m██\e[38;2;24;9;6m██\e[38;2;28;11;7m██\e[38;2;38;18;13m██\e[38;2;21;7;4m██\e[38;2;34;15;10m██\e[38;2;78;40;60m██\e[38;2;44;20;28m██\e[38;2;62;31;43m██\e[38;2;86;45;72m██████\e[38;2;78;42;68m██\e[38;2;50;32;55m██\e[38;2;54;33;57m██\e[38;2;40;21;27m██\e[38;2;54;32;49m██\e[38;2;59;35;59m██\e[38;2;50;32;55m██\e[38;2;66;38;63m██\e[38;2;54;34;57m██\e[38;2;28;13;16m██\e[38;2;51;29;39m██\e[38;2;50;32;55m██\e[38;2;62;36;57m████\e[38;2;57;35;58m██\e[38;2;81;43;70m██\e[38;2;50;32;55m██\e[38;2;35;18;24m██\e[38;2;67;34;47m██\e[38;2;37;16;21m██\e[38;2;67;34;43m██\e[38;2;77;42;68m██\e[38;2;56;30;42m██\e[38;2;44;25;35m██\e[38;2;40;23;37m██\e[38;2;48;26;30m██\e[38;2;54;33;57m██\e[38;2;86;45;72m████\e[38;2;82;44;70m██\e[38;2;59;35;59m████\e[38;2;58;33;55m██\e[38;2;74;38;54m██\e[38;2;86;45;72m████████\e[38;2;62;31;48m██\e[38;2;39;20;22m██\e[38;2;70;40;65m██\e[38;2;86;45;72m████\e[38;2;73;40;66m██\e[38;2;59;35;59m██\e[38;2;50;32;55m██\e[38;2;53;31;44m██\e[38;2;50;32;55m██████████
\e[38;2;23;8;5m██\e[38;2;30;12;8m██\e[38;2;26;10;7m██\e[38;2;36;16;15m██\e[38;2;29;12;12m██\e[38;2;24;9;5m██\e[38;2;36;16;12m██\e[38;2;21;7;4m██\e[38;2;33;14;10m██\e[38;2;29;12;8m██\e[38;2;46;22;25m██\e[38;2;29;12;8m██\e[38;2;51;24;32m██\e[38;2;23;8;5m██\e[38;2;34;15;11m██\e[38;2;21;7;4m██\e[38;2;39;18;13m██\e[38;2;29;12;12m██\e[38;2;21;7;4m██\e[38;2;24;9;5m██\e[38;2;39;18;13m██\e[38;2;23;8;5m██\e[38;2;33;14;10m██\e[38;2;24;9;6m██\e[38;2;29;12;8m██\e[38;2;61;30;45m██\e[38;2;30;13;9m████\e[38;2;21;7;4m██\e[38;2;30;13;9m██\e[38;2;44;21;19m██\e[38;2;21;7;4m██\e[38;2;35;16;12m████\e[38;2;21;7;4m██\e[38;2;39;18;13m██\e[38;2;24;9;5m██\e[38;2;36;16;11m██\e[38;2;53;26;32m██\e[38;2;24;9;6m██\e[38;2;59;29;35m██\e[38;2;73;37;54m██\e[38;2;88;45;72m██████\e[38;2;56;34;57m██\e[38;2;52;33;56m██\e[38;2;28;13;17m██\e[38;2;44;24;35m██\e[38;2;60;36;59m██\e[38;2;53;30;48m██\e[38;2;48;27;41m████\e[38;2;21;7;4m██\e[38;2;43;21;20m██\e[38;2;52;33;56m██\e[38;2;50;28;35m██\e[38;2;59;35;59m██\e[38;2;80;42;68m██\e[38;2;88;45;72m██\e[38;2;79;42;68m██\e[38;2;27;12;12m██\e[38;2;48;24;29m██\e[38;2;25;9;6m██\e[38;2;41;19;19m██\e[38;2;88;45;72m██\e[38;2;40;18;22m████\e[38;2;42;23;35m██\e[38;2;32;14;10m██\e[38;2;65;37;61m██\e[38;2;88;45;72m██\e[38;2;84;44;71m██\e[38;2;60;36;60m██\e[38;2;60;35;56m██\e[38;2;60;36;59m██\e[38;2;28;13;17m██\e[38;2;55;27;30m██\e[38;2;88;45;72m████\e[38;2;82;42;66m██\e[38;2;77;40;63m██\e[38;2;35;19;27m████\e[38;2;52;33;56m██\e[38;2;70;38;57m██\e[38;2;85;44;71m██\e[38;2;88;45;72m██\e[38;2;65;37;61m██\e[38;2;52;33;56m██\e[38;2;45;26;40m██\e[38;2;38;21;33m██\e[38;2;52;33;56m██\e[38;2;45;27;44m██\e[38;2;52;33;56m██\e[38;2;53;32;48m██
\e[38;2;24;9;6m██\e[38;2;34;15;11m██\e[38;2;21;7;4m██\e[38;2;30;12;8m██\e[38;2;25;9;6m████\e[38;2;37;17;12m██\e[38;2;21;7;4m██\e[38;2;42;19;14m██\e[38;2;31;13;9m██\e[38;2;37;16;12m██\e[38;2;21;7;4m██\e[38;2;29;12;8m██\e[38;2;24;8;5m██\e[38;2;40;18;14m██\e[38;2;23;8;5m██\e[38;2;32;14;10m██\e[38;2;24;9;5m██\e[38;2;21;7;4m██\e[38;2;27;10;7m██\e[38;2;40;18;14m██\e[38;2;21;7;4m██\e[38;2;40;18;14m██\e[38;2;26;10;7m████\e[38;2;41;18;18m██\e[38;2;24;9;5m██\e[38;2;32;14;10m██\e[38;2;21;7;4m██\e[38;2;24;8;5m██\e[38;2;35;16;11m██\e[38;2;21;7;4m██\e[38;2;27;10;7m██\e[38;2;35;15;11m██\e[38;2;24;9;5m██\e[38;2;34;15;11m██\e[38;2;23;8;5m████\e[38;2;41;19;18m██\e[38;2;21;7;4m██\e[38;2;47;22;24m██\e[38;2;51;24;31m██\e[38;2;86;43;67m████\e[38;2;92;46;74m████\e[38;2;74;37;58m██\e[38;2;24;9;5m██\e[38;2;36;17;15m██\e[38;2;56;34;57m██\e[38;2;29;14;17m██\e[38;2;49;27;37m████\e[38;2;21;7;4m██\e[38;2;42;21;23m██\e[38;2;55;32;53m██\e[38;2;41;19;22m██\e[38;2;79;42;68m████\e[38;2;92;46;74m██\e[38;2;67;32;49m██\e[38;2;21;7;4m██\e[38;2;32;14;10m██\e[38;2;21;7;4m██\e[38;2;31;13;9m██\e[38;2;92;46;74m██\e[38;2;30;12;13m██\e[38;2;35;17;16m██\e[38;2;21;7;4m██\e[38;2;27;10;7m██\e[38;2;44;22;31m██\e[38;2;72;35;52m██\e[38;2;68;38;63m██\e[38;2;56;34;57m██\e[38;2;41;21;27m██\e[38;2;64;37;61m██\e[38;2;21;7;4m██\e[38;2;48;22;26m██\e[38;2;92;46;74m██\e[38;2;81;41;65m██\e[38;2;38;19;25m██\e[38;2;45;22;32m██\e[38;2;25;10;10m██\e[38;2;35;16;11m██\e[38;2;50;30;45m██\e[38;2;37;19;24m██\e[38;2;64;35;57m██\e[38;2;92;46;74m██\e[38;2;68;38;63m██\e[38;2;56;34;53m██\e[38;2;40;21;30m██\e[38;2;54;30;40m██\e[38;2;56;34;57m██\e[38;2;33;17;22m██\e[38;2;48;28;45m██\e[38;2;41;22;30m██
\e[38;2;21;7;4m██\e[38;2;28;11;8m██\e[38;2;25;10;6m██\e[38;2;31;13;9m██\e[38;2;22;8;5m████\e[38;2;34;15;11m██\e[38;2;21;7;4m██\e[38;2;27;11;7m██\e[38;2;33;14;10m████\e[38;2;21;7;4m██\e[38;2;32;14;10m██\e[38;2;27;11;7m██\e[38;2;33;14;10m██\e[38;2;21;7;4m██\e[38;2;35;16;11m██\e[38;2;23;8;5m████\e[38;2;21;7;4m██\e[38;2;37;17;12m██\e[38;2;21;7;4m██\e[38;2;30;12;9m████\e[38;2;23;8;5m██\e[38;2;31;13;9m██\e[38;2;26;10;6m██\e[38;2;38;17;13m██\e[38;2;21;7;4m██\e[38;2;26;10;6m██\e[38;2;35;15;11m██\e[38;2;21;7;4m████\e[38;2;34;14;10m██\e[38;2;21;7;4m██\e[38;2;32;14;10m██\e[38;2;30;12;8m██\e[38;2;23;8;5m██\e[38;2;31;13;9m██\e[38;2;23;8;5m██\e[38;2;48;22;24m██\e[38;2;40;17;21m██\e[38;2;77;38;54m██\e[38;2;51;24;31m██\e[38;2;89;44;68m██\e[38;2;72;35;52m████\e[38;2;21;7;4m██\e[38;2;41;20;22m██\e[38;2;56;33;53m██\e[38;2;26;11;11m██\e[38;2;42;22;27m██\e[38;2;38;20;29m██\e[38;2;23;8;5m██\e[38;2;44;20;20m██\e[38;2;48;22;29m██\e[38;2;36;16;12m██\e[38;2;80;39;58m██\e[38;2;52;24;31m██\e[38;2;89;44;68m██\e[38;2;55;25;36m██\e[38;2;21;7;4m██\e[38;2;37;17;12m██\e[38;2;23;8;5m██\e[38;2;36;16;12m██\e[38;2;46;24;32m██\e[38;2;21;7;4m██\e[38;2;37;17;12m██\e[38;2;21;7;4m██\e[38;2;28;11;8m██\e[38;2;40;18;20m██\e[38;2;61;30;39m██\e[38;2;59;34;54m██\e[38;2;50;29;46m██\e[38;2;29;12;8m██\e[38;2;65;32;48m██\e[38;2;21;7;4m██\e[38;2;26;10;7m██\e[38;2;60;34;50m██\e[38;2;47;23;33m██\e[38;2;35;17;19m████\e[38;2;21;7;4m██\e[38;2;28;11;8m██\e[38;2;50;29;46m██\e[38;2;39;18;17m██\e[38;2;67;36;55m██\e[38;2;87;43;67m██\e[38;2;63;35;52m██\e[38;2;47;25;33m██\e[38;2;21;7;4m██\e[38;2;39;18;16m██\e[38;2;59;36;58m██\e[38;2;30;14;17m██\e[38;2;46;26;39m██\e[38;2;33;16;19m██
\e[38;2;21;7;4m██\e[38;2;28;11;8m██\e[38;2;23;8;5m██\e[38;2;25;9;6m████\e[38;2;23;8;5m██\e[38;2;28;11;8m██\e[38;2;23;8;5m██\e[38;2;29;12;8m██\e[38;2;31;13;9m██\e[38;2;27;11;7m██\e[38;2;29;12;8m██\e[38;2;34;15;11m██\e[38;2;21;7;4m██\e[38;2;33;14;10m██\e[38;2;21;7;4m██\e[38;2;29;12;8m██\e[38;2;27;11;7m████\e[38;2;23;8;5m██\e[38;2;29;12;8m██\e[38;2;23;8;5m██\e[38;2;27;11;7m██\e[38;2;31;13;9m██\e[38;2;21;7;4m██\e[38;2;29;12;8m██\e[38;2;23;8;5m██\e[38;2;38;17;12m██\e[38;2;21;7;4m████\e[38;2;30;13;9m██\e[38;2;28;11;8m██\e[38;2;25;9;6m██\e[38;2;31;13;9m██\e[38;2;21;7;4m██\e[38;2;29;12;8m██\e[38;2;32;13;10m██\e[38;2;23;8;5m██\e[38;2;36;16;12m██\e[38;2;23;8;5m██\e[38;2;38;17;13m██\e[38;2;23;8;5m██\e[38;2;68;32;45m██\e[38;2;42;19;23m██\e[38;2;84;41;61m██\e[38;2;41;18;20m██\e[38;2;58;27;38m██\e[38;2;23;8;5m██\e[38;2;36;16;15m██\e[38;2;47;25;37m██\e[38;2;21;7;4m██\e[38;2;33;15;18m██\e[38;2;28;12;12m██\e[38;2;21;7;4m██\e[38;2;36;16;12m████\e[38;2;30;12;8m██\e[38;2;83;40;60m██\e[38;2;43;19;23m██\e[38;2;84;41;61m██\e[38;2;40;17;22m██\e[38;2;23;8;5m██\e[38;2;35;16;11m██\e[38;2;26;10;6m██\e[38;2;34;14;10m██\e[38;2;27;11;10m██\e[38;2;23;8;5m██\e[38;2;30;12;8m██\e[38;2;23;8;5m██\e[38;2;29;12;8m██\e[38;2;32;14;13m██\e[38;2;39;20;25m██\e[38;2;48;27;41m██\e[38;2;25;10;10m██\e[38;2;23;8;5m██\e[38;2;34;15;15m██\e[38;2;21;7;4m██\e[38;2;29;12;8m██\e[38;2;58;34;53m██\e[38;2;35;17;23m██\e[38;2;27;11;7m████\e[38;2;21;7;4m██\e[38;2;30;12;8m██\e[38;2;39;19;24m██\e[38;2;24;9;6m██\e[38;2;63;32;44m██\e[38;2;68;33;49m██\e[38;2;51;28;38m██\e[38;2;40;20;26m██\e[38;2;24;9;6m██\e[38;2;44;22;24m██\e[38;2;53;30;47m██\e[38;2;21;7;4m██\e[38;2;26;11;11m██\e[38;2;21;7;4m██
██\e[38;2;24;9;6m████\e[38;2;22;8;5m██████\e[38;2;30;13;9m██\e[38;2;27;11;7m██\e[38;2;22;8;5m██\e[38;2;33;15;10m████\e[38;2;24;9;5m██\e[38;2;32;14;10m██\e[38;2;22;8;5m██\e[38;2;30;12;9m██\e[38;2;23;8;5m██\e[38;2;28;11;8m██\e[38;2;33;14;10m██\e[38;2;23;8;5m██\e[38;2;28;11;8m██\e[38;2;26;10;7m████\e[38;2;23;8;5m██\e[38;2;33;14;10m██\e[38;2;24;9;6m██\e[38;2;33;14;10m██\e[38;2;21;7;4m██\e[38;2;30;12;8m██\e[38;2;22;8;5m████\e[38;2;34;15;11m██\e[38;2;28;11;7m██\e[38;2;22;8;5m██\e[38;2;33;14;10m██\e[38;2;26;10;6m████\e[38;2;36;16;12m██\e[38;2;23;8;5m██\e[38;2;33;14;10m██\e[38;2;23;8;5m████\e[38;2;26;10;7m██\e[38;2;61;28;38m██\e[38;2;33;13;14m██\e[38;2;70;33;46m██\e[38;2;26;10;7m██\e[38;2;31;12;13m██\e[38;2;21;7;4m██\e[38;2;32;13;9m██\e[38;2;51;23;31m██\e[38;2;21;7;4m██\e[38;2;29;12;8m████\e[38;2;21;7;4m██\e[38;2;27;10;7m██████\e[38;2;70;33;46m██\e[38;2;33;13;14m██\e[38;2;79;38;54m██\e[38;2;21;7;4m████\e[38;2;32;13;9m██\e[38;2;27;10;7m████\e[38;2;33;14;14m██\e[38;2;21;7;4m██\e[38;2;29;11;8m██\e[38;2;25;9;6m██\e[38;2;27;10;7m██\e[38;2;30;12;8m██\e[38;2;36;16;19m██\e[38;2;47;24;36m██\e[38;2;21;7;4m██\e[38;2;23;8;5m██\e[38;2;26;10;7m██\e[38;2;21;7;4m██\e[38;2;26;10;6m██\e[38;2;43;21;26m██\e[38;2;21;7;4m██\e[38;2;23;8;5m████\e[38;2;21;7;4m██\e[38;2;30;12;8m██\e[38;2;26;10;6m████\e[38;2;42;20;23m██\e[38;2;51;26;38m██\e[38;2;38;18;21m██\e[38;2;24;9;6m██\e[38;2;41;19;14m██\e[38;2;31;13;9m██\e[38;2;39;19;25m██\e[38;2;21;7;4m██\e[38;2;27;11;11m██\e[38;2;21;7;4m██
████\e[38;2;23;8;5m██\e[38;2;21;7;4m██████\e[38;2;25;10;6m██\e[38;2;28;11;7m██\e[38;2;22;8;5m██\e[38;2;27;11;7m████\e[38;2;30;12;8m██\e[38;2;26;10;6m██\e[38;2;23;8;5m██\e[38;2;29;12;8m██\e[38;2;26;10;7m██\e[38;2;22;8;5m██\e[38;2;30;12;9m██\e[38;2;25;9;6m██\e[38;2;29;12;8m██████\e[38;2;22;8;5m██\e[38;2;29;12;8m██\e[38;2;27;10;7m██\e[38;2;29;12;8m██\e[38;2;26;10;6m██\e[38;2;29;12;8m██\e[38;2;22;8;5m████\e[38;2;28;11;7m██\e[38;2;31;13;9m██\e[38;2;21;7;4m██\e[38;2;33;14;10m██\e[38;2;24;9;5m████\e[38;2;30;12;9m██\e[38;2;25;10;6m██\e[38;2;28;11;7m████\e[38;2;26;10;6m████\e[38;2;31;13;9m██\e[38;2;24;9;6m██\e[38;2;36;15;16m██\e[38;2;25;9;6m██\e[38;2;35;15;15m██\e[38;2;21;7;4m██\e[38;2;25;9;6m██\e[38;2;35;15;15m██\e[38;2;21;7;4m██\e[38;2;26;10;7m████\e[38;2;21;7;4m██\e[38;2;28;11;8m██\e[38;2;26;10;7m████\e[38;2;49;22;26m██\e[38;2;21;7;4m██\e[38;2;44;20;23m██\e[38;2;21;7;4m████\e[38;2;26;10;6m████\e[38;2;24;9;5m████\e[38;2;21;7;4m██\e[38;2;26;10;6m██\e[38;2;23;8;5m██\e[38;2;21;7;4m██\e[38;2;30;12;8m██\e[38;2;28;11;7m██\e[38;2;35;16;19m██\e[38;2;21;7;4m██\e[38;2;24;9;5m██\e[38;2;31;13;9m██\e[38;2;21;7;4m██\e[38;2;24;9;5m██\e[38;2;43;21;26m██\e[38;2;21;7;4m██\e[38;2;24;9;5m████\e[38;2;21;7;4m████\e[38;2;29;12;8m██\e[38;2;25;9;6m██\e[38;2;41;20;23m████\e[38;2;41;20;18m██\e[38;2;24;9;6m████\e[38;2;26;10;7m██\e[38;2;29;12;11m██\e[38;2;21;7;4m████\e[38;2;23;8;5m██
\e[38;2;21;7;4m████████████\e[38;2;24;9;5m██\e[38;2;27;11;7m██\e[38;2;21;7;4m████\e[38;2;28;11;7m██\e[38;2;26;10;6m██████████\e[38;2;21;7;4m██\e[38;2;27;11;7m██\e[38;2;23;8;5m██\e[38;2;25;9;6m██\e[38;2;23;8;5m██\e[38;2;27;11;7m██\e[38;2;21;7;4m████\e[38;2;25;9;6m██████████\e[38;2;21;7;4m██\e[38;2;25;9;6m██\e[38;2;27;11;7m██\e[38;2;22;8;4m██\e[38;2;25;9;6m████\e[38;2;22;7;4m██\e[38;2;25;9;6m██████\e[38;2;28;11;8m██\e[38;2;23;8;5m██\e[38;2;29;12;8m████\e[38;2;24;9;6m██\e[38;2;29;12;8m██\e[38;2;23;8;5m██\e[38;2;26;10;6m██\e[38;2;21;7;4m██\e[38;2;26;10;7m████\e[38;2;21;7;4m██\e[38;2;25;9;6m██\e[38;2;27;10;7m██\e[38;2;21;7;4m██\e[38;2;23;8;5m██\e[38;2;25;10;6m██\e[38;2;21;7;4m██\e[38;2;27;11;7m██\e[38;2;21;7;4m██\e[38;2;28;11;7m██\e[38;2;22;8;4m████\e[38;2;25;9;6m██\e[38;2;22;8;5m████\e[38;2;27;11;7m██\e[38;2;22;8;4m██\e[38;2;26;10;6m████\e[38;2;24;8;5m██\e[38;2;29;12;8m██\e[38;2;27;10;7m████\e[38;2;21;7;4m██\e[38;2;24;8;5m██\e[38;2;28;11;8m██\e[38;2;21;7;4m████\e[38;2;26;10;7m██\e[38;2;21;7;4m██\e[38;2;23;8;5m██\e[38;2;30;12;9m██\e[38;2;21;7;4m██\e[38;2;24;9;6m██\e[38;2;27;10;7m██\e[38;2;21;7;4m██\e[38;2;29;12;8m██\e[38;2;21;7;4m██\e[38;2;25;9;6m██\e[38;2;23;8;5m██\e[38;2;31;13;9m██\e[38;2;26;10;7m██\e[38;2;24;9;5m██\e[38;2;21;7;4m██████
██████████████\e[38;2;26;10;7m██\e[38;2;21;7;4m██████\e[38;2;25;10;6m██████\e[38;2;22;8;5m██\e[38;2;26;10;7m██\e[38;2;21;7;4m████\e[38;2;23;8;5m██\e[38;2;26;10;6m██\e[38;2;22;8;5m██\e[38;2;27;11;7m██\e[38;2;23;8;5m██\e[38;2;21;7;4m████\e[38;2;23;8;5m████\e[38;2;26;10;6m████\e[38;2;21;7;4m██████\e[38;2;23;8;5m████\e[38;2;25;9;6m██\e[38;2;22;7;4m██\e[38;2;24;9;6m██\e[38;2;21;7;4m██\e[38;2;24;9;5m██████\e[38;2;26;10;7m██\e[38;2;23;8;5m██\e[38;2;25;10;6m████\e[38;2;23;8;5m██\e[38;2;26;10;7m██\e[38;2;21;7;4m████\e[38;2;26;10;6m██\e[38;2;22;7;4m████\e[38;2;24;9;6m██\e[38;2;21;7;4m████\e[38;2;27;11;7m██\e[38;2;23;8;5m██\e[38;2;25;9;6m██\e[38;2;22;8;4m██\e[38;2;27;11;7m██\e[38;2;23;8;5m██\e[38;2;21;7;4m████\e[38;2;25;9;6m██\e[38;2;22;8;4m██\e[38;2;26;10;7m██\e[38;2;21;7;4m████\e[38;2;26;10;6m██\e[38;2;22;7;4m██\e[38;2;25;10;6m██████\e[38;2;21;7;4m████\e[38;2;25;9;6m██\e[38;2;22;7;4m████\e[38;2;25;10;6m██\e[38;2;21;7;4m████\e[38;2;28;11;7m██\e[38;2;21;7;4m████\e[38;2;25;10;6m██\e[38;2;23;8;5m██\e[38;2;25;9;6m██\e[38;2;22;8;5m██\e[38;2;27;11;7m██\e[38;2;29;12;8m████\e[38;2;27;11;7m██\e[38;2;25;10;6m██\e[38;2;21;7;4m██████
████████████████\e[38;2;23;8;5m██\e[38;2;21;7;4m██████\e[38;2;23;9;5m████\e[38;2;22;7;4m██\e[38;2;25;9;6m██\e[38;2;23;8;5m██\e[38;2;21;7;4m████\e[38;2;24;9;5m████████\e[38;2;21;7;4m████\e[38;2;23;8;5m██████\e[38;2;26;10;6m██\e[38;2;21;7;4m██████████\e[38;2;23;8;5m████\e[38;2;25;9;6m██\e[38;2;21;7;4m████████\e[38;2;24;9;5m████████████\e[38;2;21;7;4m██\e[38;2;23;8;5m██\e[38;2;25;9;6m██\e[38;2;21;7;4m████\e[38;2;25;9;6m██\e[38;2;21;7;4m████\e[38;2;23;8;5m██████████\e[38;2;21;7;4m██████\e[38;2;26;10;6m██\e[38;2;21;7;4m██\e[38;2;24;9;5m████████\e[38;2;21;7;4m██\e[38;2;24;9;6m██████\e[38;2;21;7;4m████\e[38;2;24;9;5m██\e[38;2;21;7;4m████\e[38;2;23;8;5m████\e[38;2;21;7;4m██\e[38;2;24;8;5m██\e[38;2;22;7;4m████\e[38;2;24;9;6m██\e[38;2;22;7;4m██\e[38;2;27;11;7m██\e[38;2;22;8;5m██\e[38;2;25;9;6m██████████\e[38;2;22;7;4m██████
████████████████████████████████████████████████████████████████████████████████████████████\e[38;2;24;8;5m██\e[38;2;21;7;4m████\e[38;2;23;8;5m████\e[38;2;21;7;4m██\e[38;2;23;8;5m████\e[38;2;21;7;4m██\e[38;2;23;8;5m██████\e[38;2;21;7;4m██████████████\e[38;2;23;8;5m████\e[38;2;21;7;4m██\e[38;2;24;8;5m██████████\e[38;2;21;7;4m████\e[38;2;23;8;5m████\e[38;2;21;7;4m██\e[38;2;23;8;5m████\e[38;2;21;7;4m██\e[38;2;23;8;5m██\e[38;2;21;7;4m██████\e[38;2;23;8;5m██████\e[38;2;21;7;4m██\e[38;2;25;9;6m██\e[38;2;23;8;5m██████\e[38;2;21;7;4m██████
████████████████████████████████████████████████████████████████████████████████████████████████████████████████████████████████████████████████████████████████████████████████████████████████
████████████████████████████████████████████████████████████████████████████████████████████████████████████████████████████████████████████████████████████████████████████████████████████████
██\e[38;2;24;9;5m██\e[38;2;21;7;4m██\e[38;2;23;8;5m████\e[38;2;21;7;4m██\e[38;2;26;10;7m████████\e[38;2;29;12;8m██\e[38;2;27;11;7m████\e[38;2;24;9;6m██\e[38;2;28;11;7m██\e[38;2;23;8;5m██████\e[38;2;25;9;6m████\e[38;2;30;13;9m██\e[38;2;27;10;7m██████\e[38;2;21;7;4m██\e[38;2;31;13;9m██\e[38;2;25;10;6m████\e[38;2;22;7;4m████\e[38;2;27;11;7m██\e[38;2;22;7;4m████\e[38;2;28;11;8m██\e[38;2;22;7;4m██\e[38;2;29;12;8m██\e[38;2;24;9;6m████\e[38;2;31;13;9m██\e[38;2;26;10;7m██\e[38;2;28;11;8m██\e[38;2;24;9;6m██\e[38;2;50;23;29m██\e[38;2;32;13;12m██\e[38;2;42;19;22m██\e[38;2;49;23;28m██\e[38;2;22;7;4m████\e[38;2;42;20;25m██\e[38;2;30;14;16m██\e[38;2;21;7;4m██\e[38;2;29;12;8m██\e[38;2;24;9;6m████\e[38;2;36;16;15m██\e[38;2;23;8;5m██\e[38;2;35;15;15m██\e[38;2;54;25;34m██\e[38;2;32;13;13m██\e[38;2;56;26;35m██\e[38;2;21;7;4m████\e[38;2;31;13;9m██\e[38;2;25;9;6m████\e[38;2;23;8;5m██\e[38;2;21;7;4m██\e[38;2;31;13;9m██\e[38;2;22;7;4m██\e[38;2;26;10;6m████\e[38;2;41;20;25m██\e[38;2;26;11;10m████\e[38;2;30;13;12m██\e[38;2;24;9;6m██\e[38;2;21;7;4m██\e[38;2;32;14;13m██\e[38;2;46;24;35m██\e[38;2;25;10;10m██\e[38;2;31;14;13m██\e[38;2;23;8;5m██\e[38;2;21;7;4m██\e[38;2;29;12;8m██\e[38;2;29;12;12m██\e[38;2;27;10;7m██\e[38;2;53;26;34m██\e[38;2;36;15;15m██\e[38;2;39;20;24m██\e[38;2;27;11;7m██\e[38;2;30;12;8m██\e[38;2;34;16;17m██\e[38;2;30;13;15m██\e[38;2;21;7;4m██\e[38;2;25;10;9m██\e[38;2;21;7;4m██
\e[38;2;38;17;13m██\e[38;2;24;9;5m██\e[38;2;30;13;12m██\e[38;2;53;29;44m██\e[38;2;37;19;28m████\e[38;2;24;9;6m██\e[38;2;35;16;11m██\e[38;2;45;24;36m██\e[38;2;53;27;31m██\e[38;2;58;30;43m██\e[38;2;56;28;36m██\e[38;2;50;25;34m████\e[38;2;34;15;18m██\e[38;2;34;15;14m██\e[38;2;56;29;37m██\e[38;2;39;18;24m██\e[38;2;26;10;10m██\e[38;2;47;23;24m██\e[38;2;27;11;7m██\e[38;2;39;18;13m██\e[38;2;55;28;32m██\e[38;2;27;11;11m██\e[38;2;53;27;40m██\e[38;2;63;32;50m██\e[38;2;40;21;25m██\e[38;2;32;16;21m██\e[38;2;27;12;15m██\e[38;2;41;21;21m██\e[38;2;49;26;38m██\e[38;2;34;15;14m██\e[38;2;53;27;31m██\e[38;2;27;11;11m████\e[38;2;57;29;38m██\e[38;2;31;13;13m██\e[38;2;53;26;31m██\e[38;2;65;34;50m██\e[38;2;43;22;30m██\e[38;2;65;36;54m██\e[38;2;62;34;52m██\e[38;2;72;40;65m██\e[38;2;63;37;61m████\e[38;2;53;34;57m██\e[38;2;47;30;50m██\e[38;2;42;24;34m██\e[38;2;54;34;57m██\e[38;2;63;37;61m████\e[38;2;60;36;60m██\e[38;2;53;30;49m██\e[38;2;47;23;28m██\e[38;2;72;39;58m██\e[38;2;72;40;62m████\e[38;2;74;41;67m██\e[38;2;78;42;68m██\e[38;2;73;40;66m██\e[38;2;69;37;60m██\e[38;2;61;30;40m██\e[38;2;71;36;54m██\e[38;2;49;23;30m██\e[38;2;80;41;62m██\e[38;2;71;38;62m██\e[38;2;55;28;38m██\e[38;2;79;42;65m██\e[38;2;57;30;42m██\e[38;2;61;34;53m██\e[38;2;65;38;63m██\e[38;2;88;46;74m██\e[38;2;84;45;72m████\e[38;2;74;40;64m██\e[38;2;63;35;58m██\e[38;2;60;31;48m██\e[38;2;78;41;62m██\e[38;2;113;60;85m██\e[38;2;92;47;76m██\e[38;2;86;44;69m██\e[38;2;88;45;71m██\e[38;2;65;31;47m██\e[38;2;70;38;58m██\e[38;2;79;43;70m██\e[38;2;84;44;68m██\e[38;2;77;42;68m████\e[38;2;58;35;59m██\e[38;2;65;38;63m██\e[38;2;53;30;49m██\e[38;2;46;29;49m██\e[38;2;50;32;55m██\e[38;2;47;30;50m██\e[38;2;50;32;55m██\e[38;2;40;23;34m██
\e[38;2;43;29;49m██\e[38;2;40;26;43m████\e[38;2;46;32;55m██████\e[38;2;58;35;57m██\e[38;2;43;29;49m██\e[38;2;46;32;55m██████\e[38;2;58;37;61m████\e[38;2;64;39;64m██\e[38;2;69;41;67m██\e[38;2;67;40;61m██\e[38;2;69;41;67m██\e[38;2;79;45;72m██████\e[38;2;73;41;65m████\e[38;2;79;45;72m██████\e[38;2;75;43;70m██\e[38;2;57;36;60m██\e[38;2;67;40;66m██\e[38;2;67;40;62m██\e[38;2;72;42;68m██\e[38;2;79;45;72m██\e[38;2;76;44;70m██\e[38;2;69;41;67m██\e[38;2;62;36;59m██\e[38;2;48;30;47m██\e[38;2;54;35;59m██\e[38;2;58;37;61m██\e[38;2;50;33;57m████\e[38;2;61;38;62m██\e[38;2;57;36;61m████████\e[38;2;60;37;62m██\e[38;2;75;46;69m████\e[38;2;89;51;77m██\e[38;2;114;66;88m██\e[38;2;85;47;76m██\e[38;2;92;50;80m██\e[38;2;100;53;85m██\e[38;2;96;51;82m████\e[38;2;134;75;98m██\e[38;2;93;50;80m██\e[38;2;115;63;89m██\e[38;2;165;94;110m██\e[38;2;131;72;97m██\e[38;2;112;60;90m██\e[38;2;100;53;85m██\e[38;2;139;76;101m██\e[38;2;137;75;100m██\e[38;2;112;60;90m██\e[38;2;122;66;94m██\e[38;2;134;73;99m██\e[38;2;100;53;85m██\e[38;2;126;68;95m██\e[38;2;100;53;85m██████\e[38;2;112;60;90m████\e[38;2;134;73;99m████\e[38;2;100;53;85m██████\e[38;2;160;90;110m██\e[38;2;147;81;104m██\e[38;2;134;73;99m████\e[38;2;159;88;109m████\e[38;2;134;73;99m██\e[38;2;100;53;85m██\e[38;2;114;61;91m██\e[38;2;139;76;101m██\e[38;2;114;61;91m██\e[38;2;90;49;79m██\e[38;2;102;58;83m██\e[38;2;69;41;68m██\e[38;2;62;38;64m██\e[38;2;46;32;55m████\e[38;2;37;23;37m██
\e[38;2;67;40;66m██\e[38;2;82;48;73m██\e[38;2;70;44;66m██\e[38;2;56;36;60m██\e[38;2;54;35;59m████\e[38;2;49;33;57m██\e[38;2;46;32;55m██\e[38;2;49;33;57m██\e[38;2;61;38;63m██\e[38;2;50;34;57m██\e[38;2;46;32;55m████\e[38;2;49;33;57m██\e[38;2;58;37;61m██\e[38;2;54;35;59m██\e[38;2;46;32;55m██████\e[38;2;56;36;60m██\e[38;2;73;42;69m██\e[38;2;76;44;70m██\e[38;2;79;45;72m██████████\e[38;2;71;42;68m██\e[38;2;54;35;59m██\e[38;2;49;33;57m████\e[38;2;46;32;55m██\e[38;2;49;33;57m██\e[38;2;46;32;55m██\e[38;2;71;42;68m██\e[38;2;76;44;70m██\e[38;2;60;37;62m████\e[38;2;50;34;57m██\e[38;2;65;39;65m██\e[38;2;60;37;62m██\e[38;2;110;67;96m██\e[38;2;134;82;110m██\e[38;2;115;76;110m██\e[38;2;162;102;130m██████\e[38;2;123;78;114m██\e[38;2;156;97;125m██\e[38;2;175;103;125m██\e[38;2;168;96;116m██\e[38;2;159;88;109m██\e[38;2;110;65;98m██\e[38;2;188;112;131m██\e[38;2;171;99;120m██\e[38;2;139;76;101m████\e[38;2;100;53;85m██\e[38;2;110;59;89m██\e[38;2;100;53;85m████\e[38;2;152;85;107m██\e[38;2;110;59;89m██\e[38;2;147;81;104m██\e[38;2;197;112;125m██\e[38;2;211;120;131m████\e[38;2;172;97;115m██\e[38;2;211;120;131m██\e[38;2;160;90;110m██\e[38;2;162;91;111m██\e[38;2;133;73;99m██\e[38;2;172;97;115m██\e[38;2;159;88;109m██\e[38;2;164;94;115m██\e[38;2;149;88;115m██\e[38;2;175;103;125m██\e[38;2;188;112;131m████\e[38;2;179;108;131m██\e[38;2;157;97;125m██\e[38;2;136;80;109m██\e[38;2;124;73;104m██\e[38;2;136;80;109m██\e[38;2;149;88;115m██████\e[38;2;175;103;125m██\e[38;2;154;93;120m██\e[38;2;123;78;114m██\e[38;2;162;102;130m████████\e[38;2;150;95;126m██\e[38;2;101;62;81m██
\e[38;2;160;92;117m██\e[38;2;125;73;107m██\e[38;2;173;100;123m██\e[38;2;172;103;129m██\e[38;2;180;109;135m██\e[38;2;176;107;134m██\e[38;2;134;82;114m██\e[38;2;127;80;112m██\e[38;2;113;72;101m██\e[38;2;95;58;86m██\e[38;2;103;62;90m██\e[38;2;67;40;66m██\e[38;2;64;39;64m██\e[38;2;67;40;66m██\e[38;2;56;36;60m██\e[38;2;63;39;64m██\e[38;2;53;35;59m██\e[38;2;46;32;55m██\e[38;2;50;34;57m██\e[38;2;46;32;55m██\e[38;2;58;37;61m██\e[38;2;54;35;59m██\e[38;2;63;39;64m██\e[38;2;59;37;62m██\e[38;2;79;45;72m██\e[38;2;76;44;70m██\e[38;2;63;39;64m██\e[38;2;75;43;70m██\e[38;2;73;42;69m██\e[38;2;46;32;55m██\e[38;2;49;33;57m████\e[38;2;71;42;68m██\e[38;2;87;50;78m██\e[38;2;106;63;92m████\e[38;2;134;82;114m██\e[38;2;158;100;136m██████████████████████████████████████\e[38;2;153;96;130m██\e[38;2;133;79;112m██\e[38;2;160;92;117m██\e[38;2;199;115;133m██\e[38;2;185;107;128m██\e[38;2;146;84;112m██\e[38;2;121;69;101m██\e[38;2;100;53;85m██\e[38;2;125;68;95m██\e[38;2;186;105;121m██\e[38;2;211;120;131m██\e[38;2;207;118;132m██\e[38;2;199;115;133m██\e[38;2;185;110;134m██\e[38;2;199;115;133m██\e[38;2;176;107;134m██\e[38;2;171;105;135m██\e[38;2;158;100;136m██████████\e[38;2;167;116;148m██\e[38;2;183;145;171m████\e[38;2;207;181;198m██\e[38;2;217;199;212m██\e[38;2;222;201;213m██\e[38;2;217;199;212m██\e[38;2;222;201;213m██\e[38;2;194;164;185m██\e[38;2;183;145;171m████\e[38;2;158;100;136m████████████\e[38;2;110;68;90m██
[0m